	ENST00000374761	ENST00000319928	ENST00000370812	ENST00000481579	ENST00000579153	ENST00000367041	ENST00000480676	ENST00000328257	ENST00000393051	ENST00000504148	ENST00000457474	ENST00000315580	ENST00000347691	ENST00000555304	ENST00000330836	ENST00000553286	ENST00000566326	ENST00000311008	ENST00000348335	ENST00000379774	ENST00000579004	ENST00000269221	ENST00000463087	ENST00000589699	ENST00000493059	ENST00000597279	ENST00000264716	ENST00000422803	ENST00000398107	ENST00000356421	ENST00000263895	ENST00000374114	ENST00000262605	ENST00000525817	ENST00000493076	ENST00000406644	ENST00000488442	ENST00000433992	ENST00000337959	ENST00000330884	ENST00000458646	ENST00000429888	ENST00000264634	ENST00000325599	ENST00000478867	ENST00000490337	ENST00000326448	ENST00000515749	ENST00000394854	ENST00000274459	ENST00000355472	ENST00000465796	ENST00000456573	ENST00000459703	ENST00000339898	ENST00000249364	ENST00000448878	ENST00000519857	ENST00000428870	ENST00000380062	ENST00000379858	ENST00000358077	ENST00000380550	ENST00000376441	ENST00000360134	ENST00000374571	ENST00000371113
rs4648845	0.0	0.0	0.0	0.0	0.0	0.0	0.0	0.0	0.0	0.0	0.0	0.2599554	0.0	0.0	0.0	0.0	0.0	0.0	0.0	0.0	0.0	0.0	0.0	0.0	0.0	0.0	0.0	0.0	0.0	0.0	0.0	0.0	0.0	0.0	0.0	0.0	-1.2598184	-0.6546155	0.23523754	0.0	0.0	0.0	0.0	0.0	0.0	0.0	0.0	0.0	0.0	0.0	0.0	0.0	0.0	0.0	0.0	0.0	0.0	0.0	0.65997386	0.0	0.0	0.0	0.0	0.0	0.0	0.0	0.0
rs11586952	0.0	0.7099034	-1.3127855	0.0	0.0	-1.0288873	0.24185182	0.33902997	0.0	0.0	0.33639827	0.0	0.1506251	0.0	-0.7609229	0.0	-2.8718815	1.3566236	0.0	1.706018	-0.34602445	-0.5414024	0.0	0.0	0.0	-2.2750041	0.0	-1.5870769	-0.31803295	-1.696005	0.0	0.8298371	0.9238855	-2.8444276	0.0	-0.3548443	0.0	0.0	-0.95292205	0.0	0.0	0.0	-2.3454735	0.0	0.31184313	-0.36189786	0.0	0.39123625	-0.0792477	0.0	-1.6310726	0.0	0.0	0.0	0.0	0.21816377	-0.8085652	0.0	-3.7167401	-1.3576759	-0.716019	0.0	-1.3586516	3.0496917	-0.19902004	-1.3176255	-2.7271667
rs6694545	0.0	-0.67512244	0.0	0.0	0.0	0.0	0.0	0.0	0.0	0.0	0.0	0.0	-0.4314506	0.0	0.0	0.0	0.0	0.0	0.0	-0.9216013	0.0	0.0	0.0	0.0	0.0	0.0	0.0	0.0	0.0	0.0	0.0	0.0	0.0	-0.075374186	0.0	0.0	0.0	0.0	0.0	0.0	0.0	0.0	0.0	0.0	0.0	0.0	0.40856847	0.0	-0.09737356	0.0	0.113964856	0.0	0.0	0.07097724	0.0	0.0	-0.42358378	0.0	0.0	0.0	0.0	0.0	0.0	0.0	0.0	0.0	-0.96284
rs2970610	0.0	0.0	0.2572269	0.0	0.0	0.0	0.24104463	0.0	0.0	0.0	0.10856857	0.0	0.0	0.0	1.4370313	0.0	0.0	0.0	0.0	0.0	0.0	-0.06459408	0.0	0.0	0.0	0.0	0.0	0.0	0.0	0.0	0.0	0.6316978	0.0	0.0	-0.20822029	0.0	0.0	0.0	0.0	0.0	0.0	0.0	0.0	0.0	0.0	0.09547299	0.0	0.0	0.0	0.0	0.0	0.0	0.0	0.0	0.0	0.0	0.0	0.0	0.0	0.0	0.0	0.0	0.0	-0.1574784	0.0	0.0	0.0
rs12129719	0.0	0.0	0.0	0.0	0.47525942	0.0	0.0	0.0	0.0	0.0	0.0	0.0	0.0	0.0	0.0	0.0	0.0	0.0	0.0	0.0	0.31567493	0.0	0.0	0.6882246	0.0	0.0	0.0	0.0	0.0	0.0	0.0	0.0	0.0	0.0	0.0	0.0	0.0	0.0	0.0	0.0	0.0	0.0	0.0	0.0	0.0	0.0	0.0	0.0	0.0	0.0	0.0	0.0	0.0	0.0	0.0	0.0	0.0	-0.12005946	0.0	0.0	0.487927	0.0	0.0	0.0	0.0	0.0	0.0
rs12129573	0.20531932	0.0	0.62057275	0.0	0.0	0.0	0.0	0.0	0.0	0.0	0.0	0.0	0.0	0.0	0.0	0.0	0.0	0.0	0.0	0.0	0.0	0.0	0.0	0.0	0.0	0.252302	0.0	0.0	0.0	0.0	0.0	0.0	0.0	0.0	0.0	0.0	-0.26458696	0.0	0.0	0.0	0.0	0.0	0.0	0.0	0.37045422	1.0358055	0.0	0.0	0.0	0.0	1.0881709	0.0	0.0	0.0	0.0	0.112578034	0.0	0.0	0.5118711	0.0	0.0	0.0	0.0	1.1567259	0.0	0.0	0.0
rs17517490	0.98633844	-0.746224	-0.74447286	1.4390975	0.0	-1.2489929	-0.7446775	-1.5607579	0.0	0.0	-3.2029185	0.0	-0.8426597	0.0	-10.300296	0.0	0.26999953	0.05391507	0.0	-2.6950047	-0.12094629	-1.9485132	0.0	0.0	0.0	-2.5940366	0.0	0.33517346	-0.1771284	-0.20208815	-0.911071	-0.24337827	-0.4452817	-0.071656175	0.0	-1.0601156	0.0	0.0	-1.5277771	0.0	0.0	0.0	0.0	-3.3539307	0.0	-2.4054227	0.0	0.73852044	-0.1902327	0.0	-1.0157312	0.0	0.0	0.0	0.0	-0.56972975	-1.8144364	0.0	-0.03811111	-1.7136674	-1.3591766	0.0	-0.9110714	-2.1605306	0.30046156	-1.3138638	-1.9612663
rs6680011	-0.35652903	0.0	0.0	0.0	0.0	0.0	0.0	0.0	0.0	0.0	0.0	0.0	0.0	1.1503713	0.0	0.0	0.0	0.0	0.0	0.0	0.0	0.0	0.0	0.0	0.0	0.0	0.0	0.0	0.0	0.0	1.8593051	0.0	0.0	0.0	0.0	0.0	0.0	0.0	0.0	0.0	0.0	0.0	0.0	0.0	0.0	0.0	0.0	0.0	0.0	0.0	0.0	0.0	0.0	0.0	0.0	0.0	0.0	0.0	0.0	0.0	0.0	0.0	0.10255203	0.0	0.0	0.0	1.6213412
rs11165867	0.0	0.0	0.0	0.0	0.0	0.0	0.0	-0.91938317	0.0	0.0	0.0	0.0	0.0	0.0	0.0	0.7281512	0.0	0.0	0.0	0.0	0.0	0.0	0.0	0.0	0.0	0.0	0.0	0.0	0.0	0.0	0.0	0.0	0.0	0.0	0.0	0.0	0.0	0.0	0.0	0.0	0.0	0.0	0.0	0.0	0.0	0.0	0.0	0.0	0.0	0.0	0.0	0.0	0.0	0.0	0.0	0.0	0.0	0.0	0.0	0.0	0.0	0.0	0.0	0.0	0.0	0.0	0.0
rs2660304	0.0	0.0	0.0	0.0	0.0	0.0	0.0	0.0	0.0	0.0	0.0	-0.28536788	0.0	0.0	0.0	0.0	0.0	0.0	0.3981056	0.0	0.0	0.0	0.0	0.0	0.0	0.0	0.0	0.5839555	0.0	0.0	0.0	0.0	0.0	0.0	0.0	0.0	0.0	0.0	0.39281103	0.35932863	0.0	0.0	0.0	0.0	0.0	0.0	0.0	0.0	0.0	0.0	0.0	0.0	0.0	0.0	0.0	0.0	0.2023482	0.0	0.0	0.0	0.0	0.0	0.0	0.0	0.0	0.0	0.0
rs140505938	0.0	0.0	0.0	0.0	-0.40416542	0.0	0.46069732	0.0	0.0	0.0	0.0	0.0	0.0	0.0	0.0	0.0	0.0	0.0	0.0	-2.035905	0.0	0.0	0.0	0.0	0.0	0.0	0.0	0.0	0.0	0.0	0.0	0.0	0.0	0.0	0.0	0.0	0.0	0.0	0.0	0.0	0.0	0.0	0.0	0.0	0.0	0.0	0.0	0.0	0.0	0.0	0.0	0.0	0.0	0.0	0.0	0.0	0.0	0.0	0.0	0.0	0.0	0.0	0.0	0.0	0.0	0.0	0.0
rs12239340	0.0	0.0	0.0	0.0	0.0	0.0	0.0	0.0	0.0	-0.30325028	0.0	0.0	0.0	0.0	0.0	0.0	0.0	0.0	0.0	0.0	0.0	0.0	0.0	0.0	0.0	0.0	0.0	0.0	0.0	0.0	0.0	0.0	0.0	0.0	0.0	0.0	0.0	0.0	0.0	0.0	0.0	-0.053415094	0.0	0.42118013	0.0	0.0	0.0	0.0	0.0	1.0564982	0.0	0.0	0.0	0.0	-0.9258266	0.0	0.0	0.0	0.0	-1.3684648	0.0	0.0	0.0	0.0	0.0	0.0	0.0
rs6701877	0.0	0.0	0.0	0.0	0.0	0.0	0.0	0.0	0.0	0.0	0.0	0.0	0.0	0.0	0.0	0.0	0.0	0.0	0.0	0.0	0.0	0.0	0.0	0.0	0.0	0.0	0.0	0.0	0.0	0.0	0.059106354	0.0	0.0	0.0	0.0	0.0	0.0	0.0	0.0	0.0	0.0	0.0	0.0	0.0	0.0	0.0	0.0	0.0	0.0	0.0	0.0	0.0	0.0	0.0	0.0	-0.8878472	0.0	0.0	0.0	0.0	0.0	0.0	0.0	0.0	0.0	0.0	0.0
rs4650963	0.0	0.0	0.0	0.0	0.0	0.0	0.0	0.0	0.0	0.0	0.0	0.0	0.0	0.0	0.0	0.0	0.0	0.0	0.0	0.0	0.0	0.0	0.0	0.0	0.0	0.0	0.0	0.0	0.0	0.0	0.0	0.0	0.0	0.0	0.0	0.0	0.0	0.0	0.0	0.0	0.0	0.0	0.0	0.0	0.0	0.0	0.0	0.0	0.0	0.0	0.0	0.0	0.0	0.0	0.0	0.0	0.0	-1.00983	0.0	0.0	0.0	0.0	0.0	0.0	0.0	0.0	0.0
rs28374258	0.0	0.0	0.0	0.0	-0.5091775	0.0	0.0	0.0	0.0	0.0	0.0	0.0	0.0	0.0	0.0	0.0	0.0	0.0	0.0	0.0	0.0	0.0	0.0	0.0	0.0	0.0	0.0	0.0	0.0	0.0	0.0	0.0	0.0	0.0	0.0	0.0	0.0	0.0	0.0	0.0	0.0	0.0	0.0	0.0	0.0	0.0	0.0	-0.7408578	0.0	0.0	0.0	1.1421684	0.0	0.0	0.0	0.0	0.0	0.0	-0.50749546	0.0	0.0	0.0	0.0	0.0	0.0	0.0	0.0
rs6678676	0.0	0.0	0.0	0.0	0.0	0.0	0.0	0.0	0.0	0.0	0.0	0.0	0.0	0.0	0.0	0.0	0.0	-0.6500032	0.0	0.0	0.0	0.0	0.0	0.0	0.0	0.0	0.0	0.0	0.0	0.0	0.0	0.0	0.0	0.0	0.0	0.0	0.0	0.0	0.0	0.0	0.0	0.0	0.0	1.9435179	0.36297044	0.34402856	0.0	0.0	0.0	0.0	0.0	0.0	0.0	0.0	0.0	0.0	0.0	0.0	0.0	0.11959421	0.0	0.0	0.0	0.0	0.0	0.0	0.0
rs72769124	0.0	0.0	0.0	0.0	0.0	0.0	0.0	0.0	0.0	0.0	0.0	0.0	0.0	0.0	0.0	0.0	0.0	0.0	0.0	0.0	0.0	0.0	0.0	0.0	0.0	0.0	0.0	0.0	0.0	0.0	0.0	0.0	0.0	0.0	0.0	0.0	0.0	0.0	0.0	0.0	0.0	0.0	0.0	0.0	0.0	0.0	0.0	0.0	0.0	0.0	0.0	0.0	0.0	0.0	0.0	0.0	0.0	0.0	0.0	0.0	0.0	0.0	0.0	0.0	0.0	0.0	0.0
rs14403	0.0	0.0	0.0	0.0	0.0	0.0	0.0	0.0	0.0	0.0	0.0	0.0	0.0	0.0	0.0	0.0	0.0	0.0	1.4833611	0.0	0.0	0.0	0.0	0.0	0.0	0.0	0.0	0.0	0.0	0.0	0.0	0.0	0.0	0.0	0.0	0.0	0.0	0.0	0.37454733	0.079522975	0.0	0.0	0.0	0.0	0.0	0.0	0.0	0.0	1.1979427	0.0	-3.078293	-0.117898025	0.0	0.0	0.0	0.0	0.0	0.0	0.0	0.0	0.0	0.0	0.0	0.0	0.609454	0.0	0.0
rs7893279	-0.7805014	0.0	0.0	0.0	0.0	0.0	0.0	0.0	0.0	0.0	0.0	0.0	0.0	0.0	0.0	0.0	0.0	0.0	0.0	0.0	0.24504277	0.0	0.0	0.0	0.0	0.0	-0.38388392	0.0	0.0	0.0	0.0	0.0	0.0	0.0	-0.18057548	0.0	0.0	0.0	0.0	-0.7567913	0.0	0.0	0.0	0.0	-0.067952745	0.0	0.0	0.0	0.0	0.0	0.0	0.0	0.0	0.0	0.0	0.0	0.0	0.0	0.0	0.0	0.0	0.0	0.0	0.0	0.0	0.0	0.0
rs10887623	0.0	0.0	0.0	0.0	0.0	0.0	0.0	0.0	0.0	0.0	0.0	0.0	0.0	0.0	0.0	0.0	0.0	0.0	0.0	0.0	0.0	0.0	0.0	0.0	0.0	0.0	0.0	0.0	0.0	0.0	0.0	0.0	0.0	0.0	0.0	0.0	-0.9646645	0.0	0.0	0.0	0.0	0.0	0.0	0.0	0.0	0.0	0.0	0.0	0.0	0.0	0.0	0.0	0.0	0.0	0.0	0.0	0.0	0.0	0.0	0.0	0.0	0.0	0.0	0.0	0.0	0.0	0.0
rs12416331	0.0	0.0	0.0	0.0	0.0	0.0	0.0	0.0	0.0	0.0	0.0	0.0	0.0	0.0	0.0	0.0	0.0	0.0	0.0	0.0	0.0	0.0	0.0	0.0	0.0	0.0	0.0	0.0	0.0	0.0	0.0	0.0	0.0	0.0	0.0	0.0	0.0	0.0	0.0	0.0	0.0	0.0	0.0	0.0	0.0	0.0	0.0	0.0	0.0	0.0	0.0	0.0	0.0	0.0	0.0	0.0	0.0	0.0	0.0	0.0	0.0	0.0	0.0	0.0	0.0	0.0	0.0
rs4910038	0.0	0.051444754	0.8871058	0.0	0.0	-2.53832	-1.129406	-0.85984075	0.0	-1.123799	0.7682165	0.0	-2.0279715	0.0	-3.1385713	-2.4959931	-0.6477721	1.0626173	1.8018808	-0.84234107	-0.94174755	-0.58979857	0.0	0.0	0.0	0.0	0.0	-1.180176	-0.805384	-6.8515687	0.0	-0.30276135	-0.50335515	0.0	0.24409257	-0.6364561	0.0	0.0	-1.1066724	0.0	0.0	0.0	0.0	0.673699	0.0	-1.1735966	0.0	0.0	-0.4576686	-0.7425705	-0.22296305	0.0	0.0	0.0	0.0	0.05069902	-0.0837993	0.0	-0.3963181	0.05571328	0.91662186	0.0	0.5040939	-0.21000619	0.43590355	-3.0045328	-1.5194079
rs1899543	0.0	0.07094634	0.0	0.0	0.0	0.0	0.0	0.0	0.0	0.0	0.0	0.0	0.0	0.0	0.0	0.0	-0.25777104	0.0	0.0	0.0	0.0	0.0	0.0	0.0	0.0	0.0	0.0	0.0	0.0	0.0	0.0	0.0	0.0	0.0	0.0	0.0	0.0	0.0	-0.6097017	0.0	0.0	0.0	-1.1892998	0.0	0.0	0.0	0.0	0.0	-0.54506594	0.0	0.0	0.0	0.0	0.0	0.0	0.0	0.0	0.0	0.0	0.0	0.0	-0.7979171	0.0	0.0	0.0	0.0	-0.1973021
rs1765142	0.09427334	0.0	0.0	0.0	0.0	0.0	-0.7489634	0.0	0.0	0.0	0.0	0.0	0.0	0.0	0.0	0.0	0.0	0.0	0.0	0.0	0.0	0.0	0.0	0.0	0.0	0.0	0.0	0.0	0.0	0.0	0.0	0.0	0.0	0.0	0.0	0.0	0.0	0.0	0.0	0.0	0.0	0.0	0.0	0.0	0.0	0.0	0.0	0.0	0.0	0.0	0.0	0.0	0.0	0.0	0.0	0.0	0.0	0.0	0.0	0.0	0.0	0.0	0.0	0.0	-0.3968952	0.0	0.0
rs7951870	0.0	0.0	0.0	0.0	-0.19010304	0.0	0.0	0.0	0.0	0.0	0.0	0.0	0.0	0.05707614	0.0	0.0	0.0	0.0	0.0	0.0	0.0	0.0	0.0	0.0	0.0	0.0	0.0	0.0	0.0	0.0	-0.5087409	0.0	0.0	0.0	0.0	0.0	0.0	0.0	0.0	0.0	0.0	0.0	0.0	0.0	-0.41759726	0.0	0.0	0.0	0.0	0.0	0.0	0.0	-0.2923344	0.0	0.0	0.0	0.0	0.0	0.0	0.0	0.0	0.0	0.0	0.0	0.0	0.0	0.0
rs11040267	0.0	-0.5766212	-0.37520182	0.0	0.0	-1.9991444	-1.5431602	-2.532676	0.031352907	0.0	-0.89669484	0.0	-0.7942276	0.0	-2.4922578	0.0	0.04836812	0.0	1.2692102	-1.2741969	0.106059894	-2.7007027	0.0	0.0	0.0	-0.9799464	-0.9593028	0.09125052	-6.4227304	-1.0565076	0.0	0.0	-0.048320193	0.0	0.0	-1.5858537	0.0	0.0	-1.0255944	0.0	0.0	0.0	-0.18817963	0.0	0.0	-0.75182843	0.0	0.0	-0.7111193	0.0	-1.0841558	0.0	0.0	0.0	0.0	0.47477958	-0.29383823	-0.45134383	0.35442367	0.0	-0.18640284	0.0	0.1146789	-0.6444459	0.21565914	0.6963485	-0.07623266
rs17581700	0.0	0.0	0.0	0.0	0.0	0.0	-1.042455	0.0	0.0	-0.40086037	-5.8443694	0.0	-0.3475822	0.0	0.0	0.0	-1.78043	0.0	0.0	0.0	0.0	-0.7810461	0.0	0.0	-0.86193144	0.0	0.0	0.0	0.008473041	0.104795896	0.0	0.0	0.0	0.0	0.0	-0.81977177	0.0	0.0	0.0	0.0	0.0	-0.100029655	-0.0689632	0.0	0.0	0.23338452	0.0	0.0	0.0	2.0088773	-2.1493127	0.0	0.0	0.0	0.0	0.0	0.0	0.0	0.0	0.0	0.0	0.0	-0.47124842	0.0	0.0	0.0	0.23853812
rs295634	0.0	0.0	0.0	0.0	0.0	0.0	0.0	0.0	0.0	-0.087336	-2.0841172	0.0	0.66774714	0.0	0.0	0.0	0.255094	0.0	0.0	0.0	0.0	0.0	0.0	0.0	-0.83482313	0.0	0.0	0.0	0.0	0.0	0.0	0.0	0.0	0.0	0.0	0.0	0.0	0.0	0.0	0.0	0.0	0.0	1.1414685	0.0	0.0	0.0	0.0	0.0	0.0	0.08115815	0.0	0.0	0.0	0.0	1.1193314	0.0	0.0	0.0	0.0	0.0	0.0	0.0	-0.23403431	0.0	0.0	0.0	-0.5965739
rs7129727	0.0	0.0	0.0	0.0	0.0	0.0	0.0	0.0	0.0	0.0	0.0	0.0	1.306059	0.0	0.0	0.0	0.0	0.0	0.0	0.0	0.0	0.0	0.0	0.0	0.0	0.0	0.0	0.0	0.0	0.0	0.0	0.0	0.0	0.0	0.0	0.0	0.0	0.0	0.0	0.0	0.0	0.0	0.0	0.0	0.0	0.0	0.0	0.0	0.0	0.0	0.0	0.0	0.0	0.0	0.0	0.6230862	0.0	0.0	0.0	0.0	0.0	0.0	1.331631	0.0	0.0	0.0	-0.81332904
rs58950470	0.0	0.9637531	0.0	0.0	-0.96534616	0.0	0.32243478	0.587113	0.0	0.0	0.0	0.0	0.0	0.24564794	-0.010721697	0.0	0.0	0.0	0.0	0.0	-0.2077856	0.0	0.0	0.0	-0.2603919	0.0	0.0	0.22534819	0.0	-0.3391479	0.0	1.9492917	0.0	0.0	1.7033801	-0.1626844	0.0	0.0	0.0	0.0	0.0	0.0	0.0	-0.66201013	0.0	0.0	0.0	0.0	0.00993206	0.0	0.0	0.0	0.0	0.0	0.0	0.48496428	0.0	0.0	0.0	0.32503077	0.0	0.0	0.3879454	1.7630525	0.0	0.089603715	0.0
rs2514218	0.0	0.0	0.0	0.0	0.0	0.0	0.0	0.0	0.0	0.0	0.0	0.0	0.0	0.0	0.0	0.0	0.0	0.0	0.0	0.0	0.0	0.0	0.0	0.0	0.0	0.0	0.0	-0.5506903	0.0	0.0	0.0	0.0	0.0	0.0	0.0	0.0	0.0	0.0	0.0	0.0	0.0	0.0	0.0	0.0	0.0	0.0	0.0	0.0	0.0	0.0	0.0	0.0	0.0	0.0	0.0	0.0	0.0	0.0	0.0	0.0	0.0	0.0	0.0	0.0	0.0	0.0	0.0
rs12293670	0.0	0.0	0.0	0.0	0.08827149	0.0	0.0	0.0	0.0	0.0	0.0	0.0	0.0	0.0	0.0	0.0	0.0	0.0	0.0	0.0	0.0	0.0	0.0	0.0	0.0	0.0	0.0	0.0	0.0	0.0	0.0	0.0	0.0	0.0	0.0	0.0	0.0	0.0	0.0	0.0	0.0	0.0	0.0	0.0	0.0	0.0	0.0	0.0	0.0	0.0	0.0	0.0	0.0	0.0	0.0	0.0	0.0	0.0	0.0	0.0	0.0	1.2932073	0.0	0.0	0.0	0.0	0.0
rs35774874	-0.3483613	0.0	0.0	0.0	0.0	0.0	0.0	0.0	0.0	0.0	0.0	0.0	0.0	0.26723853	0.0	0.0	0.78024334	0.0	0.0	-1.1000879	0.0	0.0	0.0	0.0	0.0	0.0	0.0	0.0	0.5739878	0.0	0.0	0.0	-0.50867105	0.0	0.0	0.0	-0.37369958	0.0	-0.89151347	0.0	0.0	0.0	0.0	0.0	0.0	0.0	0.0	0.0	0.22999407	0.0	0.0	0.0	0.90889114	0.0	0.0	0.0	0.0	0.0	0.0	0.0	0.0	0.0	0.0	0.0	0.0	0.0	0.0
rs2917569	0.0	0.0	0.0	0.0	0.0	0.0	0.0	0.0	0.08051179	0.0	0.0	-0.18551847	0.0	0.0	0.0	0.0	0.0	0.0	-0.23699927	0.0	0.0	0.0	-0.6053466	0.0	0.0	0.0	0.0	0.0	0.0	0.0	0.0	0.0	0.0	0.0	0.0	0.0	0.0	0.0	-0.64840174	-0.5561236	0.0	0.0	0.0	0.0	0.0	0.0	0.0	0.0	0.0	0.8836693	0.0	0.0	0.0	0.0	0.2433016	0.0	0.0	0.0	0.0	0.0	0.0	0.0	0.0	0.0	0.0	0.0	0.0
rs4936215	0.0	0.0	0.0	0.0	0.0	0.0	0.0	0.0	0.0	0.0	0.0	0.0	0.0	0.0	0.0	0.0	0.0	0.0	0.0	0.0	0.0	0.0	0.0	0.0	0.0	0.0	0.0	0.0	0.0	0.0	0.0	0.0	0.0	0.0	0.0	0.0	0.0	0.0	0.0	0.0	0.0	0.0	0.0	1.0328596	0.0	0.0	0.0	0.0	0.0	0.0	0.0	0.41104853	0.0	0.0	0.0	0.0	0.0	0.0	0.0	0.0	0.0	0.0	0.0	0.0	0.0	0.0	0.0
rs893949	0.0	0.0	0.0	0.0	0.0	0.0	0.0	0.0	0.0	0.0	0.0	0.0	0.0	0.0	0.0	0.0	0.0	0.0	0.0	0.0	0.0	0.0	0.0	0.0	0.0	0.0	0.0	0.0	0.0	0.0	0.0	0.0	0.0	0.0	0.0	0.0	0.0	0.10897788	0.0	0.0	0.0	0.0	0.0	0.0	-1.2442285	0.0	0.0	0.0	0.0	0.0	0.0	0.0	0.0	0.0	0.0	0.0	0.0	0.0	0.0	0.0	0.0	0.0	0.0	0.0	0.0	0.0	0.0
rs2007044	0.0	0.0	0.0	0.0	0.0	0.0	0.0	0.0	0.0	0.0	0.0	0.0	0.0	0.0	0.0	0.0	0.0	0.0	0.0	0.0	0.0	0.0	0.0	0.0	0.0	0.0	0.0	0.0	0.0	0.0	0.0	0.0	0.0	0.0	0.0	0.0	0.0	0.0	0.0	0.0	0.0	0.0	0.0	0.0	0.0	-1.7453264	0.0	0.0	0.0	0.0	0.0	0.0	0.0	0.0	0.0	0.0	0.0	0.0	0.0	0.0	0.0	0.0	0.0	0.0	0.0	0.0	0.0
rs1120004	0.0	0.0	0.0	0.0	0.15087996	0.0	0.0	0.0	0.0	0.0	0.0	0.0	0.0	0.0	0.0	0.0	0.0	-0.45551348	0.0	0.0	0.0	0.0	0.0	0.0	0.0	0.0	0.7860267	0.0	0.0	0.0	-0.30248928	0.0	0.0	0.0	0.0	0.0	0.0	0.0	0.0	0.0	0.0	0.0	0.0	0.0	0.0	0.0	0.0	0.0	0.0	0.0	0.0	0.0	2.257104	0.0	0.0	0.0	0.0	0.0	0.0	0.60287124	0.0	0.0	0.0	0.0	0.0	0.0	0.0
rs10783624	0.0	0.0	0.0	0.0	0.0	0.0	-0.22123407	0.0	0.0	0.0	0.0	0.0	0.0	0.0	0.0	0.0	0.0	0.0	0.0	0.0	0.0	0.0	0.0	0.0	0.0	0.0	0.0	0.0	0.0	0.0	0.0	0.0	0.0	0.0	0.0	0.0	0.0	0.0	0.0	0.0	0.0	0.0	0.0	0.0	0.0	0.0	0.0	0.0	0.0	0.0	0.0	0.0	0.0	-0.59696984	0.0	0.0	0.0	0.0	0.0	0.0	0.0	0.0	0.0	0.0	0.0	0.0	0.0
rs61937595	0.0	0.0	0.0	0.0	0.0	0.0	0.0	0.0	0.0	0.0	0.0	0.0	0.0	0.0	0.0	0.0	0.0	0.0	0.0	0.0	0.0	0.0	0.0	0.0	0.0	0.0	0.0	0.0	0.0	0.0	0.0	0.0	0.0	0.0	0.0	0.0	0.0	0.0	0.0	0.0	0.0	0.0	0.0	0.0	0.0	0.0	0.0	0.0	0.0	0.0	0.0	0.0	0.0	0.0	0.0	0.0	0.0	0.0	0.0	0.0	0.0	0.0	0.0	0.0	0.0	0.0	0.0
rs17123263	0.0	0.0	0.0	0.0	0.0	0.0	0.0	0.0	0.0	-1.213545	0.0	0.0	0.0	0.0	0.0	0.0	0.0	0.0	0.0	0.0	0.0	0.0	0.0	0.0	0.0	-0.2445173	0.0	0.0	0.0	0.0	0.0	0.0	0.0	0.0	0.0	0.0	0.0	0.0	0.0	0.0	0.0	0.0	0.0	0.0	0.0	0.0	0.0	0.0	0.0	-2.4751565	0.0	0.0	0.0	0.0	-1.6037897	0.0	0.0	0.8390522	0.0	0.0	0.0	0.0	0.0	0.0	0.0	0.0	0.0
rs4240748	0.0	0.0	0.0	-0.3416357	0.0	0.0	0.0	0.0	0.0	0.0	0.0	0.0	0.0	0.19873327	0.0	0.0	0.0	0.0	0.0	0.0	0.0	0.0	0.0	0.0	0.0	0.0	0.0	0.0	0.0	0.0	0.0	0.0	0.0	0.0	0.0	0.0	0.0	0.0	0.0	0.0	0.0	0.0	0.0	0.0	0.0	0.0	0.0	0.0	0.0	0.0	0.0	0.0	0.0	0.0	0.0	0.0	0.0	0.0	0.0	0.0	0.0	0.0	0.0	0.0	0.0	0.0	0.0
rs36104021	0.0	0.0	0.0	0.0	0.0	0.0	0.0	0.0	0.0	0.0	0.0	0.0	0.0	0.0	0.0	0.0	0.0	0.0	0.0	-2.2075293	0.0	0.0	0.0	0.0	0.0	0.0	0.0	0.0	0.0	0.0	0.0	0.0	0.0	0.0	0.0	0.0	0.0	0.0	0.0	0.0	0.0	0.0	0.0	0.0	0.0	0.0	0.0	0.0	0.0	0.0	0.0	0.0	0.0	0.0	0.0	0.0	0.0	0.0	0.0	0.0	0.0	0.0	0.0	0.0	0.0	0.0	0.0
rs4766428	0.0	0.0	0.0	0.0	0.0	0.0	0.0	0.0	0.0	0.0	0.0	0.0	0.0	0.0	0.0	0.0	0.0	0.0	0.0	0.0	0.0	0.0	0.0	0.0	0.0	0.0	0.0	0.0	0.0	0.0	0.0	0.0	0.0	0.0	0.0	0.0	0.0	0.0	0.0	0.0	0.0	0.0	0.0	0.0	0.0	0.0	0.0	0.0	0.0	0.0	0.0	0.0	0.0	0.0	0.0	0.0	0.0	0.0	0.0	0.0	0.0	0.0	0.0	0.0	0.0	0.0	0.0
rs2851447	0.0	0.0	0.0	0.0	0.0	0.0	0.0	0.0	0.0	0.0	0.0	0.3017418	0.0	0.0	0.0	0.0	0.0	0.0	0.06434849	0.0	0.0	0.0	0.84601504	0.0	0.0	0.0	0.0	0.0	0.0	0.0	0.0	0.0	0.0	0.0	0.0	0.0	0.0	0.0	0.6223212	0.0	0.0	0.0	0.0	-1.6583949	0.0	0.0	0.0	0.0	0.0	0.0	0.0	0.0	0.0	0.0	-0.092735596	0.0	0.0	0.0	0.0	0.0	0.0	0.0	0.0	0.0	0.0	0.0	0.0
rs10847692	0.0	1.108924	0.112068325	-0.81691885	0.0	1.0067261	-0.41490203	-1.9398375	0.0	0.0	-1.0996108	0.0	-1.5338713	0.0	-2.9092517	0.0	0.7038099	0.1491115	-0.3996933	1.5379378	0.0	0.633176	0.0	0.0	0.0	0.21768361	0.0	0.3656483	0.5482034	-0.05900113	0.0	1.1109267	0.0	0.0	0.0	-0.62903535	0.0	0.0	-0.49751803	0.0	0.0	0.0	0.0	-1.544338	0.0	-1.1384683	0.0	0.75353587	-0.21994203	0.0	0.91611785	0.0	0.0	0.0	0.0	-0.1515536	-0.12141107	0.0	-0.9193919	-0.94666666	-0.9997933	0.0	0.20227793	-2.300532	0.49367127	-1.9502754	0.53314865
rs9545047	-1.9437774	0.0	0.0	0.0	0.0	0.0	0.0	0.0	0.0	0.0	0.0	0.0	0.0	0.0	0.0	0.0	0.0	0.0	0.0	0.0	0.0	0.0	0.0	0.0	0.0	0.0	0.0	0.0	0.0	0.0	0.0	0.0	0.0	0.0	0.0	0.0	0.0	0.0	0.0	0.0	0.0	0.0	0.0	0.0	0.58896154	0.0	0.0	0.0	0.0	0.0	0.0	0.0	0.0	0.0	0.0	0.0	0.0	0.0	0.0	0.0	0.0	0.0	0.0	0.0	0.0	0.0	0.0
rs17257836	0.0	0.0	0.0	0.0	0.0	0.0	0.0	0.0	0.0	0.91521245	0.0	0.0	0.0	0.0	0.0	0.0	0.0	0.0	0.0	0.0	0.0	0.0	0.0	0.0	0.0	0.1674856	0.0	0.0	0.0	0.0	0.0	0.0	0.0	0.0	0.0	0.0	0.0	0.0	0.0	0.0	0.0	0.0	0.0	0.0	0.0	0.0	0.0	0.59898883	0.0	1.0414003	0.0	0.0	0.0	0.0	-0.7996265	0.0	0.0	0.0	0.0	0.0	0.0	0.0	0.0	0.0	0.0	0.0	0.0
rs10148671	0.0	-0.27144518	-0.38032332	-0.03518762	0.0	0.0	0.0	0.0	0.0	0.0	0.0	0.0	0.0	0.0	0.0	0.0	0.0	0.0	0.0	0.0	0.0	-0.48569953	0.0	0.0	0.0	-0.8626331	0.0	0.0	0.08448022	0.0	0.0	-0.27872932	0.0	0.0	0.0	0.0	0.0	0.0	0.0	0.0	0.0	0.0	0.0	0.0	0.0	0.0	0.0	0.0	0.0	0.0	0.0	0.0	0.0	0.0	0.14903335	-0.44350344	0.0	0.0	0.0	0.0	0.0	0.0	0.0	0.0	0.0	0.0	0.0
rs1191551	0.0	0.0	0.0	0.8470648	0.0	0.0	0.0	0.0	0.0	0.5827998	0.0	0.0	0.0	-0.03425397	0.0	0.0	0.0	0.0	0.0	0.0	0.0	0.0	0.0	0.0	0.0	0.0	0.0	0.14677256	0.0	0.0	0.0	0.0	0.0	0.0	0.0	0.0	0.0	0.0	0.0	0.0	0.0	0.0	0.0	0.0	0.0	0.0	0.0	0.0	0.0	0.0	0.0	0.0	0.0	0.0	0.0	0.0	0.0	0.0	0.0	0.0	0.0	0.0	0.0	0.0	0.0	0.0	0.0
rs150437760	0.0	0.0	0.0	0.0	0.0	0.0	0.0	0.0	0.0	0.0	0.0	0.0	0.0	0.0	0.0	0.0	0.0	0.0	0.0	0.0	0.0	0.0	0.0	0.0	0.0	0.0	0.0	0.0	0.0	0.0	0.0	0.0	0.0	0.0	-0.562954	0.0	0.0	0.0	0.0	0.0	0.0	0.0	0.0	0.0	0.0	0.0	0.0	0.0	0.0	0.0	0.0	0.0	0.0	0.0	0.0	0.0	0.0	0.0	0.0	0.0	0.0	0.0	0.0	0.0	0.0	0.0	0.0
rs2332700	0.1846908	0.0	0.0	0.0	0.0	-0.7858818	0.0	-0.38153195	0.0	0.0	0.0	0.0	0.0	0.0	0.0	0.0	0.0	0.0	0.0	0.0	0.0	-0.006055451	0.0	0.0	0.0	0.0	0.0	-0.6901837	0.0	0.0	0.4897994	0.0	0.0	0.0	0.0	0.0	0.0	0.0	0.0	0.0	0.0	0.0	0.0	0.0	0.0	0.0	0.0	0.0	-0.3306256	0.0	0.0	0.0	0.0	0.0	0.0	0.0	0.038916595	0.0	0.0	0.0	0.0	0.0	-0.3309999	0.0	0.0	0.0	-0.5478397
rs17680771	0.0	0.0	0.0	0.0	0.0	0.0	0.0	0.0	0.0	0.4259961	0.0	0.0	0.0	0.0	0.0	0.0	0.0	0.0	0.0	0.0	0.0	0.0	0.0	0.0	0.0	0.0	0.0	0.0	0.0	0.0	0.0	0.0	0.0	0.0	0.0	0.0	0.0	0.0	0.0	0.0	0.0	0.0	0.0	0.0	0.0	0.0	0.0	0.0	0.0	1.660226	0.0	0.0	0.0	0.0	-3.4493215	0.0	0.0	0.0	0.0	0.0	0.0	0.0	0.0	0.0	0.0	0.0	0.0
rs17695868	0.0	0.0	0.0	0.0	0.0	0.0	0.0	0.0	0.0	-0.27662832	0.0	0.0	0.0	0.0	0.0	0.0	0.0	0.0	0.0	0.0	0.0	0.0	0.0	0.0	0.0	0.0	0.0	0.0	0.0	0.0	0.0	0.0	0.0	0.0	0.0	0.0	0.0	0.0	0.0	0.0	0.0	0.0	0.0	0.0	0.0	0.0	0.0	0.0	0.0	-4.159145	0.0	0.0	0.0	0.0	-2.1951635	0.0	0.0	0.0	0.0	0.0	0.0	0.0	0.0	0.0	0.0	0.0	0.0
rs35604463	0.0	0.0	0.0	0.0	0.0	0.0	0.0	0.0	-0.123856194	0.0	0.0	0.0	0.0	0.0	0.0	0.0	0.0	0.0	0.0	0.0	0.0	0.0	0.0	0.0	0.0	0.0	0.0	0.0	0.0	0.0	0.0	0.0	0.0	0.0	0.0	0.0	0.0	0.0	0.0	0.0	0.0	0.0	0.0	0.0	0.0	-0.092518285	0.0	0.0	0.0	0.2832357	0.0	0.0	0.0	0.0	0.0	0.0	0.0	0.0	0.0	0.0	0.0	0.0	0.0	0.9131101	0.0	0.0	0.0
rs10083370	0.0	0.0	0.0	0.0	0.0	0.0	0.0	0.0	0.0	0.0	0.0	0.0	0.0	0.0	0.0	1.486008	0.0	0.0	0.0	0.0	0.0	0.0	0.0	0.0	0.16424653	0.0	0.0	0.0	0.0	0.0	0.0	0.0	0.0	0.0	0.0	0.0	0.0	0.0	0.0	0.0	0.0	0.0	0.0	0.0	0.0	0.0	0.0	0.0	0.0	0.0	0.0	0.0	0.0	0.0	0.0	0.0	0.0	-0.96915233	0.0	0.0	0.0	0.0	0.0	0.0	0.0	0.0	0.0
rs56282503	-0.5122102	0.0	0.0	0.013533628	-0.23674795	0.0	-1.0836787	0.0	0.0	0.0	0.0	0.0	0.0	0.0	-0.6916986	0.0	0.0	0.0	0.0	0.0	0.0	0.0	0.0	-0.75484604	0.0	0.0	0.0	0.0	0.0	0.0	0.0	-1.1495067	0.0	0.0	0.0	0.0	0.0	0.0	0.0	0.0	-0.10838466	0.0	0.0	0.0	0.8560138	-1.945068	0.0	0.0	0.0	0.0	0.0	0.0	0.0	0.0	0.0	0.0	0.0	0.0	0.0	0.0	0.0	0.29919615	0.0	0.0	0.0	-2.5124686	0.0
rs281299	0.0	0.0	0.0	0.0	0.0	0.0	0.0	0.0	0.0	1.225424	0.0	0.0	0.0	0.0	0.0	0.0	0.0	0.0	0.0	0.0	0.0	0.0	0.0	0.0	0.0	0.0	0.0	0.0	0.0	0.0	0.0	0.0	0.0	0.0	0.0	0.0	0.0	0.0	0.0	0.0	0.0	0.0	0.0	0.0	0.0	0.0	0.0	0.0	0.0	-0.009290322	0.0	0.0	0.0	0.0	0.0	0.0	0.0	0.0	0.0	0.0	0.0	0.0	0.0	0.0	0.0	0.0	0.0
rs12898315	0.0	-0.49506304	-0.7204809	0.0	0.0	0.0	0.0	-0.35991484	0.0	0.0	-0.58401316	0.0	-1.2416929	0.0	-0.06115433	0.0	1.6210383	0.0	-0.76751673	0.0	-0.28043467	-0.5943245	0.0	0.0	0.0	0.0	0.0	0.37655374	0.0	-0.62326336	0.0	-0.41705614	0.0	0.0	0.0	0.0	0.0	0.0	-0.11148278	-0.3893484	0.0	0.0	0.0	-1.2691449	0.0	-0.3973779	0.0	0.0	0.1318051	0.0	-1.1383697	-0.83705044	0.0	0.0	0.0	-0.67690796	-1.1626207	0.0	0.0	0.36029658	0.0	0.0	-0.03200709	0.0	0.0	0.0	-0.96139264
rs12148337	0.0	0.0	0.0	0.0	0.0	0.0	0.0	0.0	0.0	0.0	0.0	0.35715696	0.0	0.0	0.0	0.0	0.0	0.0	0.32239887	0.0	0.0	0.0	0.0	0.0	0.0	0.0	0.0	0.0	0.0	0.0	0.0	0.0	0.0	0.0	0.0	0.0	0.0	-0.07910255	0.0	0.0	0.0	0.0	0.0	0.0	0.0	0.0	0.0	0.0	0.0	0.0	0.0	0.0	0.0	0.0	0.0	0.0	0.0	0.0	0.0	0.0	0.0	0.0	0.0	0.0	0.0	0.0	0.0
rs3743078	0.0	0.0	0.0	0.0	0.69477004	0.0	0.0	0.0	0.0	0.0	0.0	0.0	0.0	0.0	0.0	0.0	0.0	-0.08735528	0.0	0.76749694	0.0	0.0	0.0	0.0	0.0	0.0	0.0	0.0	0.0	0.0	0.005505195	0.0	0.0	0.0	0.0	0.0	0.0	0.0	0.0	0.0	0.0	0.0	0.0	0.0	0.0	0.0	0.0	0.0	0.0	0.0	0.0	0.0	0.0	0.0	0.5866855	0.0	0.0	-0.2924307	0.0	0.0	0.0	0.0	0.0	0.0	0.0	0.0	0.0
rs783540	0.0	0.0	-0.33211014	0.0	0.0	-0.65769786	0.0	0.9620723	-0.91148525	0.0	0.4465925	0.0	-0.39677623	0.0	-0.2621031	0.0	1.6330411	-0.272037	0.0	0.049198467	0.0	0.0	0.0	0.11791488	0.0	0.0	0.012972091	0.34075582	-0.6305457	0.05300129	0.0	0.0	0.0	0.0	0.0	-0.225467	0.0	0.0	0.0	0.0	0.0	0.0	0.101882465	0.0	0.0	-1.0104443	0.0	0.58681756	0.0	-0.9990548	0.0	0.0	0.0	0.0	-1.2826836	0.0	0.0	0.0	0.0	0.0	-0.8811333	0.0	0.0	0.0	0.0	0.0	-0.34210876
rs12908161	0.0	0.0	0.0	0.0	0.0	0.0	0.0	0.0	0.0	-1.303011	0.0	0.0	-0.26700643	0.5652926	0.0	-1.7062863	0.0	0.0	0.0	0.0	0.0	0.0	1.1126066	0.0	0.0	0.0	0.0	0.23917392	0.0	0.0	0.0	0.0	0.0	0.0	0.0	0.0	-1.6807504	0.0	0.0	0.0	0.0	0.0	0.0	0.0	0.0	0.0	0.0	0.0	0.0	0.5019487	0.0	0.0	0.0	0.0	-2.5983343	0.0	0.47289622	0.0	0.0	0.0	0.0	0.0	0.0	0.0	0.0	0.0	0.0
rs17514846	0.0	1.0358615	0.7443608	0.0	-0.9613234	0.0	0.0	0.0	0.23968649	0.0	0.0	0.0	0.0	0.0	0.0	0.0	0.0	0.0	0.0	0.0	0.0	0.0	0.0	0.0	0.2221673	0.0	0.0	0.0	0.0	0.32031262	0.0	0.0	0.0	0.0	0.0	0.0	0.0	0.24972768	0.0	0.0	0.0	0.0	0.0	0.0	0.0	0.0	0.0	-0.41316834	0.0	0.0	0.0	0.3745711	0.0	0.0	0.0	-0.35520953	0.0	-0.012883015	0.0	0.0	0.0	0.0	0.0	0.0	0.0	0.0	0.0
rs12447542	0.0	0.0	0.0	1.7635005	0.0	0.0	0.0	0.0	0.0	0.0	0.0	0.0	0.0	0.0	0.0	0.0	0.0	0.0	0.0	0.0	0.0	0.0	0.0	0.0	0.0	0.0	0.0	0.0	0.0	0.0	0.0	0.0	0.0	0.0	0.0	0.0	0.0	0.0	0.0	0.0	0.0	0.0	0.0	0.0	0.0	0.0	0.0	0.0	0.0	0.0	0.0	0.0	0.0	0.0	0.38127503	0.0	0.0	-0.59737337	0.0	0.0	0.0	0.0	0.0	0.0	0.0	0.0	0.0
rs7191183	0.0	0.0	0.0	0.0	0.0	0.0	0.0	0.0	0.0	0.0	0.0	0.0	0.0	0.0	0.0	0.01723666	0.0	0.0	0.0	0.0	0.0	0.0	0.0	0.0	0.0	0.0	0.0	0.0	0.0	0.0	0.0	0.0	0.0	0.0	0.0	0.0	0.0	0.0	0.0	0.0	0.0	0.0	-0.9121833	0.0	0.0	0.0	0.0	0.0	0.0	0.0	0.0	0.0	0.0	0.0	0.0	0.0	0.0	0.0	0.0	0.0	0.0	0.0	0.0	0.0	0.0	0.0	0.0
rs728583	0.0	0.0	0.0	0.0	0.0	0.0	0.0	0.0	0.0	-0.20827307	0.0	0.0	0.0	0.0	0.0	0.0	0.0	0.0	0.0	0.0	0.0	0.0	-0.60610163	-1.7104114	0.0	0.0	0.0	0.0	0.0	0.0	0.0	0.0	0.0	0.0	0.0	0.0	0.0	0.0	0.0	0.0	-0.9755867	0.0	0.0	0.0	0.0	0.0	0.83152956	0.0	0.0	0.0	0.0	0.0	0.0	-1.2583606	0.0	0.0	0.0	0.0	0.0	0.0	-0.093384564	-0.16450346	0.0	0.0	0.0	0.0	0.0
rs7499750	0.0	0.0	0.0	0.0	0.0	0.0	0.0	0.0	0.0	0.0	0.0	0.0	0.0	-0.3085317	0.0	0.0	0.0	0.0	0.0	0.0	0.0	0.0	0.0	0.0	0.0	0.0	0.0	0.0	0.0	0.0	0.0	0.0	0.0	0.0	0.0	0.0	0.0	0.0	0.0	0.0	0.0	0.0	0.0	0.0	0.0	0.0	0.0	0.0	0.0	-1.4959286	0.0	0.0	0.0	0.0	0.0	0.0	0.0	0.20328039	-0.1933954	0.0	0.0	0.0	0.0	0.0	0.011871502	0.0	0.0
rs198160	0.0	0.0	0.0	0.0	0.0	1.1300682	0.0	0.0	0.0	0.0	0.0	0.0	0.0	0.0	0.0	0.0	0.0	0.0	0.0	0.0	0.0	0.0	0.0	0.0	0.0	0.0	0.0	0.0	0.0	0.0	0.0	0.0	0.0	0.0	-0.007952635	0.24668199	0.0	0.0	0.0	0.0	0.0	0.0	0.0	0.0	0.0	0.0	0.0	0.0	0.0	0.0	0.0	0.0	0.0	0.0	0.0	0.84788966	0.0	0.0	0.0	0.0	0.0	0.0	0.0	0.0	0.0	0.0	0.0
rs11646127	0.0	0.0	0.0	0.0	0.0	0.0	0.0	0.0	0.0	0.0	0.0	0.0	0.0	-0.833515	0.0	0.0	0.0	0.0	0.0	0.0	0.0	0.0	0.0	0.0	0.0	0.0	0.0	0.0	0.0	0.0	0.0	0.0	0.0	0.0	0.0	0.0	0.0	0.0	0.0	0.0	0.0	0.0	0.0	0.0	0.0	0.0	0.0	0.0	0.0	0.0	0.0	0.42743865	-0.34665722	0.0	0.0	0.0	0.0	0.46205667	0.0	0.0	0.0	0.0	0.0	0.0	0.0	0.0	0.0
rs42945	0.0	0.0	0.0	0.0	0.0	0.0	0.0	0.0	0.0	0.0	0.0	0.0	0.0	0.0	0.0	0.5100741	0.0	0.0	0.0	0.0	0.0	0.0	0.0	0.0	0.0	0.0	0.0	0.0	0.0	0.0	0.0	0.0	0.0	-0.06815015	0.0	0.0	0.0	0.0	0.0	0.0	0.0	0.0	0.0	0.0	0.0	0.0	0.0	0.0	0.0	0.0	0.0	0.2997519	0.4451215	0.0	0.09699565	0.0	0.0	0.25834474	0.0	0.0	0.0	0.0	0.0	0.0	0.0	0.0	0.0
rs17465671	0.0	0.0	0.0	0.0	0.0	0.0	0.0	0.0	0.0	0.0	0.0	0.0	0.0	-0.62050515	0.0	0.0	0.0	0.0	0.0	0.0	0.0	0.0	0.0	0.5166865	0.0	0.0	0.0	0.0	0.0	0.0	0.0	0.0	0.0	0.0	0.0	0.0	0.0	0.0	0.0	0.0	0.0	0.0	0.0	0.0	0.0	0.0	0.0	0.0	0.0	0.0	0.0	-0.013931907	0.0	0.0	0.0	0.0	0.0	0.0	0.0	0.0	0.0	0.0	0.0	0.0	0.0	0.0	0.0
rs1975802	1.4505299	0.0	0.0	0.0	0.0	0.0	0.0	0.0	0.0	0.0	0.0	0.0	0.0	0.0	0.0	0.0	0.0	0.0	0.0	0.0	0.0	0.0	0.0	0.0	0.0	0.0	0.0	0.0	0.0	0.0	0.0	0.0	0.0	0.0	0.0	0.0	0.0	0.0	0.0	0.0	0.0	0.0	0.0	0.0	0.0	0.0	0.0	0.0	0.0	0.0	0.0	0.0	0.0	0.0	0.0	0.0	0.0	0.0	0.0	0.62059665	0.0	0.0	0.0	0.0	0.0	0.0	0.0
rs2161711	0.0	0.0	0.0	0.0	0.0	0.0	0.0	0.0	0.0	0.0	0.0	0.0	0.0	0.0	0.0	0.0	0.0	0.0	0.0	0.0	0.0	0.0	0.0	0.0	0.0	0.0	0.0	0.0	0.0	0.0	0.0	0.0	0.0	0.0	0.0	0.0	0.0	0.0010103036	0.0	0.0	1.0581634	0.0	0.0	0.0	0.0	0.0	-1.378213	0.0	0.0	0.0	0.0	0.0	0.0	-0.7275186	0.0	0.0	0.0	0.0	0.0	0.0	0.0	0.0	0.0	0.0	0.0	0.0	0.0
rs7216638	0.0	0.0	0.0	0.0	0.0	1.4973944	0.9678594	0.0	0.0	0.0	0.0	0.0	0.4815649	0.0	0.0	0.0	0.0	0.0	0.0	0.0	0.0	1.0293094	0.0	0.0	0.0	0.0	0.0	0.0	0.0	0.0	0.0	0.0	0.0	0.0	0.0	0.23447388	0.0	0.0	0.0	0.0	0.0	0.0	0.0	0.0	0.0	0.0	0.0	0.0	0.0	0.0	0.0	0.0	-0.051681455	0.0	0.0	0.09986715	0.0	0.0	0.0	0.0	0.0	0.0	0.0	0.13254367	0.0	-0.033525586	0.0
rs4925114	0.0	0.0	0.0	0.0	0.0	0.0	0.137793	0.0	0.0	0.0	0.0	0.0	0.0	0.0	0.0	0.0	0.0	0.0	-0.76376325	0.0	0.0	0.0	0.0	0.0	0.0	0.0	0.0	0.0	0.0	0.0	0.0	0.0	0.0	0.0	0.0	0.0	0.0	0.0	0.36898592	0.0	0.0	0.0	0.0	1.1185205	0.0	0.0	0.0	0.0	0.0	0.0	0.0	0.0	0.0	0.0	0.0	0.0	0.0	0.0	0.0	0.4648983	0.0	0.0	0.0	0.99908495	0.0	0.0	0.0
rs2098497	-0.24436586	0.0	0.0	0.0	0.0	0.0	0.0	0.0	0.0	0.0	0.0	0.0	0.0	0.0	0.0	0.0	0.0	0.0	0.0	0.0	0.0	0.0	0.0	0.0	0.0	0.0	0.0	0.0	0.0	0.0	0.0	0.0	0.0	0.8783077	0.0	0.0	0.0	0.0	0.0	0.0	0.0	0.0	0.0	0.0	0.0	0.0	0.0	0.0	0.0	0.0	0.0	0.0	0.0	0.0	-0.14629266	0.0	0.0	1.1875511	0.0	0.0	0.0	0.0	0.0	0.0	0.0	0.0	0.0
rs7225476	0.0	0.0	0.0	0.0	0.0	0.0	0.0	0.0	0.0	0.0	0.0	0.0	0.0	0.0	0.0	0.0	0.0	0.0	0.0	0.0	0.0	0.0	0.0	0.0	0.0	0.0	0.0	0.0	0.0	0.0	0.0	0.0	0.0	0.0	0.0	0.0	0.0	0.0	0.0	0.0	0.0	0.0	0.0	0.0	0.0	0.0	0.0	0.0	0.0	0.0	0.0	0.0	0.0	0.0	0.0	0.0	0.0	0.0	0.0	0.0	0.0	0.0	0.0	0.0	0.0	0.0	0.0
rs9958543	0.0	-0.38302964	0.0	0.0	0.0	0.0	0.0	0.0	0.0	0.0	0.0	-0.03858983	0.0	0.0	0.0	0.0	1.2309694	0.0	1.5290151	0.0	-0.114936106	0.0	0.0	0.0	0.0	0.0	0.0	0.0	0.0	0.0	0.0	0.0	3.5657601	0.0	0.0	0.0	-0.08592733	0.2875502	1.3433855	1.2752463	0.0	0.0	0.0	0.0	0.0	0.0	0.0	0.0	-0.5383432	0.0	0.48373437	0.0	0.0	0.0	0.0	0.0	0.0	0.0	0.0	0.0	0.0	0.0	0.0	0.0	3.5387099	0.9573673	0.0
rs9636107	0.0	0.0	0.0	0.0	0.0	0.0	0.0	0.0	0.0	0.0	0.0	0.0	0.0	0.0	0.0	0.0	0.0	0.0	0.0	0.0	0.0	0.0	-0.53988487	0.0	0.0	0.0	0.0	0.0	0.0	0.0	0.0	0.0	0.0	0.25830477	0.0	0.0	0.0	0.0	0.0	0.0	-0.9376203	0.0	0.0	0.0	0.0	0.0	0.0	0.0	0.0	0.0	0.0	0.0	-1.4660422	0.0	0.0	0.0	0.0	0.0	0.0	0.0	0.0	0.0	0.0	0.0	0.0	0.0	0.0
rs1943659	0.0	0.0	0.0	0.0	0.0	0.0	0.0	0.0	0.0	-0.68096936	0.0	0.0	0.0	0.0	0.0	0.0	0.0	0.0	0.0	0.0	0.0	0.0	0.0	0.0	0.0	0.0	0.0	-1.2163842	0.0	0.0	0.0	0.0	0.0	0.0	-0.43037805	0.0	0.0	0.0	0.0	0.0	0.0	0.0	0.0	0.0	0.0	0.0	0.0	0.0	0.0	0.9006962	0.0	0.0	0.0	0.0	0.9230206	0.0	-1.9361243	0.0	0.0	0.0	0.0	0.0	-1.0325809	0.0	0.0	0.0	1.3805059
rs56775891	0.0	0.0	0.0	0.0	0.0	0.0	0.0	0.0	0.0	0.0	0.0	0.0	0.0	0.0	0.0	0.0	0.0	0.0	0.0	0.0	0.0	0.0	0.0	0.0	0.0	0.0	0.0	0.0	0.0	0.0	0.0	0.0	0.0	0.0	0.0	0.0	-0.54262036	-0.56611884	0.0	0.0	0.0	0.0	0.0	0.0	0.0	0.0	0.0	0.0	0.0	0.0	0.0	0.0	0.0	0.0	0.0	0.0	0.0	0.0	0.0	0.0	0.0	0.0	0.0	0.0	0.0	0.0	0.0
rs72986630	0.0	0.0	0.0	0.0	0.0	0.0	0.0	0.0	0.0	0.0	0.0	0.0	0.0	0.0	0.0	0.0	0.0	0.0	0.0	0.0	0.0	0.0	0.0	0.0	0.0	0.0	0.0	0.0	0.0	0.0	0.0	0.0	0.0	0.0	0.0	0.0	2.1786163	-0.5061914	0.0	0.0	0.0	0.0	0.0	0.0	0.0	0.0	0.0	0.0	0.0	0.0	0.0	0.0	0.0	0.0	0.0	0.0	0.0	0.0	0.0	0.0	0.0	0.0	0.0	0.0	0.0	0.0	0.0
rs2905432	0.0	0.0	0.0	0.0	0.0	0.0	0.0	0.0	0.0	0.04296604	0.0	0.0	0.0	0.0	0.0	0.0	0.0	0.0	0.0	0.33334637	0.0	0.0	0.0	0.0	0.0	-0.5584523	0.0	0.0	0.0	0.0	0.0	0.0	0.0	0.0	0.0	0.0	0.0	0.0	0.0	0.0	-0.23495726	0.0	0.0	0.0	0.0	0.0	0.0	0.0	0.0	0.0	0.0	0.0	0.0	0.12815587	0.0	0.0	0.0	0.2475472	0.0	-0.5549378	0.0	0.0	0.0	0.0	0.0	0.0	0.0
rs2053079	0.0433147	0.0	0.0	0.0	0.45338508	0.0	0.0	0.0	0.0	0.0	0.0	0.0	0.0	-0.06325172	0.0	0.0	0.0	0.0	0.0	0.0	0.0	0.0	0.0	0.0	0.0	0.0	0.0	0.02492214	0.0	0.0	0.039779603	0.0	0.0	0.0	0.0	0.0	0.0	0.0	0.0	0.0	0.0	0.0	0.0	0.0	0.0	0.0	0.0	0.0	0.0	0.0	0.0	0.1352319	-0.56937325	0.0	0.0	0.0	0.0	0.0	0.0	0.0	0.0	0.0	0.0	0.0	0.0	0.0	0.0
rs7508148	0.0	0.0	0.0	0.0	0.0	0.0	0.0	0.0	0.6377023	0.0	0.0	0.0	0.0	0.0	0.0	0.0	0.0	0.0	0.0	0.0	0.0	0.0	0.0	0.0	0.0	0.0	0.0	0.0	0.0	0.0	0.0	0.0	0.0	0.0	0.0	0.0	0.0	0.0	0.0	0.0	0.0	0.0	0.0	0.0	0.0	0.0	0.0	0.0	0.0	0.0	0.0	0.0	0.0	0.0	0.0	0.0	0.0	0.0	0.0	0.0	0.0	0.0	0.0	0.0	0.0	0.0	0.0
rs12712510	0.0	0.0	0.0	0.0	0.5336603	0.29020604	0.0	0.7657812	0.0	0.0	0.0	0.0	0.0	0.0	0.0	0.0	0.0	0.0	0.4103989	0.0	0.63704854	0.0	0.0	0.0	0.0	0.5583574	0.0	0.196148	0.0	0.0	0.0	0.56123966	0.0	0.0	0.0	0.0	0.0	0.0	0.08573491	0.029821385	0.0	0.0	0.0	0.0	0.0	0.0	0.0	-0.39257234	0.3944633	0.0	0.0	0.0	0.0	0.0	0.0	0.0	-0.017489035	0.0	0.0	0.0	0.0	0.0	0.0	0.0	0.0	0.0	0.0
rs7596038	-0.010258292	0.0	0.0	0.0	0.0	0.0	0.0	0.0	0.0	0.0	0.0	0.0	0.0	0.0	0.0	0.0	0.0	0.0	0.0	0.0	0.0	0.0	0.0	0.0	0.0	0.0	0.0	0.0	0.0	0.0	1.2491169	0.0	0.0	0.0	0.0	0.0	0.0	0.0	0.0	0.0	0.0	0.0	0.0	0.0	0.0	0.0	0.0	0.0	0.0	0.0	0.0	0.0	0.0	0.0	0.0	0.0	0.0	0.0	0.0	0.0	0.0	0.0	0.0	0.0	0.0	0.0	0.0
rs2077586	0.0	0.0	0.0	0.0	0.0	0.0	0.0	0.0	0.0	0.0	0.0	0.0	0.0	0.0	0.0	1.0515002	0.0	0.0	0.0	0.0	0.0	0.0	0.0	0.0	0.0	0.0	0.0	0.0	0.0	0.0	0.0	0.0	0.0	0.0	0.0	0.0	0.0	0.0	0.0	0.0	0.0	0.0	-0.030660514	0.0	0.0	0.0	0.0	0.0	0.0	0.0	0.0	0.0	-1.3049575	0.0	0.0	0.0	0.0	0.0	0.0	0.0	0.0	0.0	0.0	0.0	0.0	0.0	0.0
rs56145559	0.11127088	0.0	0.0	0.0	0.0	0.0	0.0	0.0	0.0	0.0	0.0	-0.06846675	0.0	0.830052	0.0	0.0	0.0	0.0	0.0	0.0	0.0	0.0	-1.036739	-0.82515216	-1.2976964	0.0	0.0	0.0	0.0	0.0	0.0	0.0	0.0	0.0	0.0	0.0	0.11312081	-0.21119785	0.0	0.0	0.0	0.0	0.0	0.0	0.0	0.0	0.0	0.0	0.0	0.0	0.0	-0.55253184	-0.70327693	-0.9649812	0.0	0.0	0.0	0.0	0.0	0.0	0.0	0.45002076	0.0	0.0	0.0	0.0	0.0
rs12991836	0.0	0.0	0.0	0.0	0.0	0.0	0.0	0.0	0.0	0.0	0.0	0.52961123	0.0	0.0	0.0	0.0	0.0	0.0	-0.4363155	0.0	0.6691459	0.0	0.0	0.0	0.0	0.0	0.0	0.0	0.0	0.0	0.0	0.0	0.0	0.0	0.0	0.0	0.0	0.0	0.0	0.0	0.0	0.0	0.0	0.0	0.0	0.0	0.0	0.0	0.0	0.0	0.0	-1.2002252	0.0	0.0	0.0	0.0	0.0	0.0	0.0	0.0	0.0	0.0	0.0	0.0	0.0	0.0	0.0
rs10196799	0.0	0.0	0.0	0.0	-0.1830972	0.0	0.0	0.0	0.0	0.0	0.0	0.0	0.0	0.0	0.0	0.0	0.0	0.0	0.0	0.0	0.0	0.0	0.0	0.0	0.43301436	0.0	0.0	0.0	0.0	0.0	0.0	0.0	0.0	0.0	0.0	0.0	0.0	0.0	0.0	0.0	0.0	0.0	0.0	0.0	-0.41854396	0.0	0.0	0.0	0.0	0.0	0.0	0.0	0.0	0.0	0.0	0.0	0.0	0.0	0.0	-1.817996	0.0	0.0	0.0	0.0	0.0	0.0	0.0
rs6434928	0.0	0.0	0.0	0.0	0.0	0.0	0.0	0.0	-0.34831294	0.0	0.0	0.0	0.0	0.0	0.0	0.0	-0.49009952	0.0	0.0	0.0	0.0	0.0	0.0	0.0	0.0	0.0	0.0	0.0	0.0	0.0	0.0	0.0	0.0	0.0	0.0	0.0	1.085907	0.3631972	0.0	0.0	0.0	0.0	0.067486174	0.0	0.0	0.0	0.0	0.0	0.0	0.0	0.0	0.0	0.0	0.0	0.0	0.0	0.0	0.0	0.0	0.0	0.0	0.0	0.0	0.0	0.0	0.0	0.0
rs1451488	0.0	0.0	0.0	0.0	0.0	0.0	0.0	0.0	0.0	0.0	0.0	0.0	0.0	0.0	0.0	0.0	0.0	0.0	0.0	0.0	0.0	0.0	0.0	0.0	0.0	0.0	0.0	0.0	0.0	0.0	0.0	-1.1675323	0.0	-0.951359	0.0	0.0	0.0	0.0	0.0	0.0	0.0	0.0	0.0	0.0	0.0	0.0	0.0	0.5260241	0.0	0.0	0.0	0.0	0.0	0.0	0.0	0.0	0.0	0.19650286	0.0	-0.5094096	0.0	0.0	0.0	0.0	0.0	0.0	0.0
rs2949006	0.0	0.0	0.0	0.0	0.0	0.0	0.0	0.0	0.0	-0.14162911	0.0	0.0	0.0	0.0	0.0	0.0	0.0	0.0	0.0	0.0	0.0	0.0	0.0	0.0	0.0	0.0	0.0	0.0	0.0	0.0	0.0	0.0	0.0	0.0	0.0	0.0	0.0	0.0	0.0	0.0	0.0	0.0	0.0	0.0	0.0	0.0	0.0	0.0	0.0	0.0	0.0	0.0	0.0	0.0	0.0	0.0	0.0	0.0	0.0	0.0	0.0	0.42871445	0.0	0.0	0.0	0.0	0.0
rs11685299	0.0	0.0	0.59872955	0.5765579	0.0	0.0	0.0	0.7392137	0.0	0.0	0.0	0.0	0.0	0.0	0.0	0.0	0.0	0.0	0.0	0.0	0.0	0.0	0.0	0.0	-1.0840466	0.25089365	0.0	0.0	0.0	0.0	0.0	0.34312376	0.0	0.0	0.0	0.0	0.0	-0.1122378	0.0	0.0	0.0	0.0	0.0	0.0	0.0	0.0	0.0	0.0	0.0	0.0	0.0	0.0	0.0	0.0	0.0	1.6286651	0.0	0.0	0.0	0.60023636	0.0	0.0	0.43272582	0.0	0.0	0.0	0.0
rs4144797	0.0	0.0	0.0	0.0	0.0	0.0	0.0	0.14724474	0.0	0.0	0.0	0.0	0.0	0.0	-0.046009485	0.0	0.0	-0.5162485	0.0	-0.83820796	0.0	0.0	0.0	0.0	0.0	-0.2131695	0.0	0.0	0.0	0.0	0.0	0.0	0.0	0.0	0.0	0.0	0.0	0.0	0.0	0.0	0.0	0.07193987	0.0	0.0	0.0	0.0	0.0	0.0	0.0	0.0	0.0	0.0	0.0	0.0	0.0	-0.4498374	0.0	0.0	0.0	0.0	0.0	0.0	0.0	0.0	0.0	0.0	0.0
rs7353742	0.0	0.0	0.0	-0.18949836	0.0	0.0	0.0	0.0	0.0	0.0	0.0	0.0	0.0	0.0	0.0	0.0	0.0	0.0	0.0	0.0	0.0	0.0	0.27625594	-2.6377332	0.0	0.0	0.0	0.0	0.0	0.0	0.0	-0.17163117	0.0	0.0	0.0	0.0	0.0	0.0	0.0	0.0	-7.9302664	0.0	0.0	0.0	0.0	0.0	-1.087288	0.0	0.0	0.0	0.0	0.0	0.0	-1.0828953	0.0	0.0	0.0	0.0	0.0	0.0	0.0	-2.1056821	0.0	0.0	0.0	0.0	0.0
rs6035706	0.0	0.0	0.0	0.0	0.0	0.0	0.0	0.0	0.008239415	0.0	0.0	0.0	0.0	0.0	0.0	0.0	0.0	0.0	0.0	0.0	0.0	0.0	0.0	-0.15871431	0.0	0.0	0.0	0.0	0.0	0.0	0.0	0.0	0.0	0.0	-0.25244564	0.0	0.0	0.0	0.0	0.0	0.2608017	0.0	0.5708684	0.0	0.0	0.0	0.0	0.0	0.0	0.0	0.0	0.0	0.0	1.2395878	0.0	0.0	0.0	0.0	0.0	0.0	0.0	0.0	0.0	0.0	0.0	0.0	0.0
rs6065094	0.0	0.0	0.0	0.0	0.0	0.0	0.0	0.0	0.0	0.0	0.0	0.0	0.0	0.0	0.0	0.0	0.0	0.0	0.0	0.0	0.0	0.0	0.0	0.0	0.0	0.0	0.0	0.0	0.0	0.0	0.0	0.0	0.0	0.0	0.0	0.0	0.0	0.0	0.0	0.0	0.0	0.0	0.0	0.0	0.0	0.0	0.0	0.0	0.0	0.0	0.0	0.0	0.0	0.0	0.0	0.0	0.0	-0.65399855	0.0	0.0	0.0	0.0	0.0	0.0	0.0	0.0	0.0
rs5757730	0.0	0.27573067	0.0	0.0	0.11497373	0.0	0.0	0.0	0.38080984	0.0	0.0	0.0	0.0	0.0	0.0	0.0	0.0	0.034855712	0.0	0.0	0.0	0.0	0.0	0.0	0.0	0.0	0.0	0.0	-0.11964887	0.0	0.0	0.0	0.0	0.0	0.0	0.48702174	0.0	0.0	0.0	0.0	0.0	0.024934325	0.6008111	0.0	0.0	0.0	0.0	0.0	0.0	0.0	0.0	0.0	0.0	0.0	0.0	0.0	0.0	0.3076197	0.0	0.0	0.24280843	0.0	0.0	0.0	0.0	0.0	0.0
rs9607782	0.0	0.0	1.1656032	0.0	0.0	0.33396977	0.7709273	0.0	0.0	0.0	0.0	0.0	0.0	0.0	-0.13388412	0.0	0.0	0.0	0.0	0.0	0.0	0.73005784	0.0	0.0	0.0	0.0	0.0	0.0	0.0	0.0	0.0	0.0	0.0	0.0	0.0	-0.13633539	0.0	-0.51712275	0.0	0.0	0.0	0.0	0.0	0.0	0.0	0.0	0.0	0.0	0.0	0.0	0.0	0.0	0.0	0.0	0.0	0.16386218	0.0	-0.74470896	0.0	0.0	0.0	0.0	0.0	0.0	0.0	0.0	0.79696476
rs6002655	0.0	0.0	0.0	0.0	0.0	0.0	0.0	0.0	0.0	0.0	0.0	0.0	0.0	0.0	0.0	0.0	0.0	0.0	0.0	0.0	0.0	0.0	0.0	0.0	0.0	0.0	0.0	0.06716775	-0.7414279	0.0	0.0	0.0	0.0	0.0	0.0	0.0	-1.122808	-1.1469727	0.0	0.0	0.0	0.0	0.0	0.0	0.0	0.0	0.0	0.0	0.0	0.0	0.0	0.0	0.0	0.0	0.0	0.0	0.0	0.0	0.0	0.0	0.0	0.0	0.0	0.0	0.0	0.0	0.0
rs12489166	0.0	2.2020862	0.0	0.0	0.0	0.0	0.0	0.84767085	0.0	0.0	0.0	0.0	-0.7480281	0.0	0.0	0.0	-0.8594076	0.0	-0.034614585	0.0	0.0	0.65112066	0.0	0.0	0.0	0.95878047	0.0	0.18427236	0.5849101	1.1458955	0.0	0.0	-1.0666548	0.0	0.42268103	0.0	0.0	0.0	-0.2810917	1.216646	0.0	0.0	0.0	0.0	0.0	0.0	0.0	0.0	1.3275659	0.0	0.48779756	0.0	-1.7663144	0.0	0.0	-1.3994145	-0.6056246	0.0	0.0	0.0	0.0	0.0	-0.9130369	0.0	-2.80899	0.0	1.240628
rs11925349	0.0	0.121530205	0.0	0.0	0.0	0.0	0.0	0.08104688	0.0	0.0	0.0	0.0	0.55469257	0.0	0.0	0.0	0.5805856	0.0	0.5519964	1.0820358	0.03992229	-0.16463491	0.0	0.0	0.0	0.0	0.0	0.66984874	1.0117742	-0.116363324	0.0	0.0	0.028301258	0.0	1.1439778	0.0	0.0	0.0	0.0	-0.48998252	0.0	0.0	0.0	0.7485793	0.0	0.0	0.0	0.0	-0.50460756	0.0	0.13964677	0.0	0.0	0.0	0.0	0.0	0.035846062	0.0	0.0	0.0	0.0	0.0	0.6373981	-0.66086715	-0.26245892	-0.84030145	1.0883186
rs35346733	0.0	0.0	0.0	0.0	0.0	0.0	0.0	0.0	0.0	0.0	0.0	-0.90709	0.0	0.0	0.0	0.0	0.0	0.0	0.0	0.0	0.0	0.0	0.0	0.0	0.0	0.0	0.0	-0.40932703	0.0	0.0	0.0	0.0	0.0	0.0	0.0	0.0	0.0	0.0	0.0	-1.0431129	0.0	0.0	0.0	0.0	0.0	0.0	0.0	0.0	-0.4056895	0.0	0.59418416	0.0	0.0	0.0	0.0	0.0	0.0	0.0	0.0	0.0	0.0	0.0	0.0	0.0	0.0	0.0	-0.15841855
rs6800435	0.0	0.0	0.0	0.0	0.0	0.0	0.0	0.0	0.0	0.0	0.0	0.0	0.0	0.0	0.0	0.0	0.0	0.0	0.0	0.0	0.0	0.0	0.0	0.0	0.0	0.0	0.0	0.0	0.0	0.0	0.0	0.0	0.0	0.0	0.0	0.0	0.0	0.0	0.0	0.0	0.0	0.0	0.0	0.0	0.0	0.0	0.0	0.0	0.0	0.0	0.0	-0.026556475	0.0	0.0	0.0	0.0	0.0	0.0	0.0	0.0	0.0	0.0	0.0	0.0	0.0	0.0	0.0
rs9881798	0.0	0.0	0.0	0.0	0.0	0.0	0.0	0.0	0.0	0.0	0.51739144	0.0	0.0	0.0	0.0	0.0	0.0	0.0	0.0	0.0	0.0	0.0	0.0	0.0	0.0	0.0	0.0	0.0	0.0	0.0	0.0	0.0	0.0	0.0	0.0	1.1185706	0.0	0.0	0.0	0.0	0.0	0.0	0.0	0.0	0.0	0.0	0.0	0.0	0.0	0.0	0.0	0.0	0.0	0.0	0.0	0.0	0.0	0.0	0.0	0.0	0.0	0.0	0.0	0.0	0.0	0.0	0.0
rs4330281	0.0	0.0	0.0	0.0	0.0	-0.056588423	0.0	0.13335568	0.0	0.0	0.0	0.0	0.0	0.0	0.0	0.0	0.0	0.0	0.0	0.1607201	0.0	-0.98449594	0.0	0.0	0.0	0.0	0.0	-1.524423	-0.15493059	0.0	0.0	-0.4323194	0.0	0.0	-1.0638899	0.0	0.0	0.0	-0.11318629	0.10086951	0.0	0.0	0.0	-0.81704986	0.0	0.0	0.0	0.0	-0.5232728	0.0	0.0	0.0	0.0	0.0	0.0	-0.10041477	-0.21505973	0.0	0.0	0.0	0.0	0.0	-0.42530435	-0.34376448	0.0	0.0	-0.4959502
rs4490300	0.0	0.0	0.0	0.0	0.0	0.0	0.0	0.0	0.0	0.0	0.0	0.0	0.0	0.0	0.0	0.0	0.0	0.0	0.0	0.0	-0.31428194	0.0	0.0	0.0	0.0	0.0	-0.51256907	0.0	0.0	0.0	1.084533	0.0	0.0	0.0	0.0	0.0	0.0	0.0	0.0	-0.1399597	0.0	-2.1383913	-0.69065565	0.0	0.0	0.0	0.0	0.0	0.0	0.0	0.0	-0.85772306	0.0	0.0	0.0	0.0	0.0	0.0	0.0	0.0	0.4567237	0.0	0.0	0.0	0.0	0.0	0.0
rs75968099	0.0	0.0	0.0	0.0	0.0	0.0	0.0	-0.5533764	0.0	0.0	0.0	0.0	0.0	0.0	0.0	0.0	0.0	0.0	0.0	0.13251203	0.0	0.0	0.0	0.0	0.0	0.0	0.0	0.0	0.0	0.0	0.0	0.0	0.0	0.0	0.0	0.0	0.0	0.0	0.0	0.0	0.0	0.0	0.0	-0.6759115	0.0	0.0	0.0	0.0	0.0	0.0	0.0	0.0	0.0	0.0	0.0	0.0	0.0	0.0	0.0	0.0	0.0	0.0	0.0	-0.20534024	0.0	0.0	0.0
rs1080500	0.0	0.0	0.0	0.0	0.0	0.0	0.0	0.0	0.0	0.0	0.0	0.0	0.0	0.0	0.0	0.0	0.0	0.0	0.0	0.0	0.0	0.0	0.0	-0.768399	0.0	0.0	0.0	0.0	0.0	0.0	0.0	0.0	0.0	0.0	0.0	0.0	0.0	0.0	0.0	0.0	0.0	0.0	0.0	0.0	0.0	0.0	0.0	0.0	0.0	0.0	0.0	1.6704136	0.0	0.0	0.0	0.0	0.0	0.0	0.0	0.0	0.0	0.0	0.0	0.0	0.0	0.0	0.0
rs312477	0.0	0.0	0.0	0.0	0.0	0.0	0.0	0.0	0.0	0.0	0.0	0.06504862	0.0	0.0	-2.4494936	0.0	-2.1847608	0.14907074	0.0	-0.09543603	0.0	-0.8508886	0.0	0.0	0.0	0.0	0.0	0.0	0.0	0.0	0.0	0.0	-1.1066345	0.0	-1.8748436	0.0	0.0	0.0	0.0	0.0	0.0	0.0	0.0	0.0	0.0	0.0	0.0	0.0	-0.39473	0.0	-0.8001066	0.0	0.0	0.0	0.0	0.5924843	0.0	0.0	0.0	0.0	-0.75680757	0.0	0.0	0.0	0.9362547	0.0	0.0
rs1353545	0.0	0.0	0.0	0.0	0.0	0.0	0.0	0.0	0.0	0.0	0.0	0.0	0.0	0.0	0.0	0.0	0.0	0.0	0.0	0.0	-0.09881312	0.0	0.0	0.0	0.27928266	0.0	0.64295363	0.0	0.0	0.0	0.0	0.0	0.0	0.0	0.0	0.0	0.0	0.0	0.0	0.0	0.0	-0.94294465	0.1617723	0.0	0.0	0.0	0.0	0.0	0.0	0.0	0.0	-0.9435988	0.0	0.0	0.0	0.0	0.0	0.0	0.5719936	0.0	0.0	0.0	0.0	0.0	0.0	0.0	0.0
rs704373	0.0	0.0	-0.17781724	0.0	0.0	0.0	0.0	0.0	0.0	0.0	0.0	0.0	0.0	0.0	0.0	0.0	0.0	0.0	0.0	0.0	0.0	0.0	0.0	0.0	0.0	0.0	0.0	0.0	0.0	0.0	0.0	0.0	0.0	0.0	0.0	-0.79569674	0.0	0.0	0.0	0.0	0.0	0.0	0.0	0.0	0.0	0.0	0.0	0.0	0.0	0.0	0.0	0.0	0.0	0.0	0.0	0.0	0.0	0.0	0.0	0.0	0.0	0.0	0.0	0.0	0.0	0.0	0.0
rs7632921	0.0	0.0	0.0	0.0	0.0	0.0	0.0	0.0	0.0	0.0	0.0	0.0	0.0	0.0	0.0	0.0	0.0	0.0	0.0	0.0	0.0	0.0	0.0	0.0	0.0	0.0	0.0	0.0	0.0	0.0	0.0	0.0	0.0	0.0	0.0	0.0	0.0	0.0	0.0	0.0	0.0	0.0	0.0	0.0	0.0	0.0	0.0	0.0	0.0	0.0	0.0	0.0	0.0	0.0	0.16090138	0.0	0.0	0.0	0.0	0.0	0.0	0.0	0.0	0.0	0.0	0.0	0.0
rs16853065	0.0	0.0	0.0	0.0	0.0	0.0	0.0	0.0	0.038325038	1.1166251	0.0	0.0	0.0	0.0	0.0	0.0	0.0	0.0	0.0	0.0	0.0	0.0	0.0	0.0	0.0	0.0	0.0	0.0	0.0	0.0	0.0	0.0	0.0	0.0	0.0	0.0	0.0	0.0	0.0	0.0	0.0	1.1538911	0.0	0.0	0.0	0.0	0.0	0.0	0.0	-1.3710227	0.0	0.0	0.0	0.0	0.40270925	0.0	0.0	0.0	0.0	0.0	0.0	0.0	0.0	0.0	0.0	0.0	0.0
rs7432375	0.2965073	0.0	0.0	0.0	0.0	0.0	0.0	0.0	0.0	0.0	0.0	0.0	0.0	-0.4429868	0.0	0.0	0.0	0.0	0.0	0.0	0.0	0.0	0.0	0.0	0.0	0.0	0.0	0.0	0.0	0.0	0.0	0.0	0.0	0.0	0.0	0.0	0.0	0.0	0.0	0.0	0.9077127	0.0	0.0	0.0	0.0	0.0	0.0	0.0	0.0	0.0	0.0	0.0	0.0	0.0	0.0	0.0	0.0	0.0	0.0	0.0	0.0	0.0	0.0	0.0	0.0	0.0	0.0
rs6802811	0.0	0.0	0.0	0.0	0.0	0.0	0.8628381	0.0	0.0	-0.52240694	0.0	0.0	0.28697866	0.0	0.0	0.0	0.0	0.0	0.0	0.0	0.0	0.0	0.0	0.0	0.0	-0.021281851	0.0	0.0	0.0	0.0	0.0	0.0	3.2087576	0.0	0.0	2.2491763	0.0	-0.03790704	0.0	0.0	0.0	0.0	0.0	0.0	0.0	0.0	0.0	0.0	0.0	-0.10522724	1.4188428	0.0	0.0	0.0	0.17413162	0.0	0.0	0.0	0.0	0.0	0.0	0.0	0.0	0.0	1.7514964	2.2184477	0.0
rs489939	0.0	0.0	-0.3530467	0.0	0.0	0.0	0.0	0.0	0.0	0.0	0.0	0.0	0.0	0.70731294	0.0	0.0	0.0	0.0	0.0	0.0	0.0	0.0	-0.82311904	0.0	0.0	0.0	0.0	0.0	0.0	0.0	-1.0566335	0.0	0.0	0.0	-0.3162894	0.0	0.0	0.7036649	0.0	0.0	0.0	0.0	0.0	0.0	0.0	0.0	0.0	0.0	0.0	0.0	0.0	0.0	-0.5818455	0.0	0.0	0.0	0.0	0.0	0.0	0.0	0.0	0.0	0.0	0.0	0.0	0.0	0.0
rs34796896	0.0	0.0	0.0	-1.0025443	-0.28662467	0.0	0.0	0.0	0.0	0.0	0.0	0.0	0.0	0.0	0.0	0.0	0.0	0.0	0.0	0.0	0.0	0.0	-0.17717412	0.0057845833	0.0	0.0	0.0	0.0	0.0	0.0	0.0	0.864524	0.0	0.0	0.0	0.0	0.0	0.0	0.0	0.0	0.73848176	0.0	0.0	0.0	0.0	0.0	0.0	0.0	0.0	0.0	0.0	0.0	-2.3992338	-3.4508874	0.0	0.0	0.0	0.0	0.0	0.524233	0.0	-0.1674918	0.0	0.0	0.0	0.0	0.0
rs12486659	0.0	-1.429765	-0.03880256	0.0	0.0	-1.5410303	-0.40357974	0.6095281	0.6478988	-0.4530969	-1.1610888	0.0	-0.52911866	0.0	-2.2194717	-1.825539	-2.1463754	-0.11999586	-1.786526	0.24772386	1.0593535	-0.80688787	0.0	0.0	0.0	0.74393404	1.9743664	-1.7304666	-0.48859176	-1.0968677	0.0	-1.507775	-0.33641776	-1.6254017	0.58528966	0.48899463	0.0	0.0	-0.8780586	0.18026544	0.0	-1.6939601	-0.8936904	2.1610122	0.0	-2.4512134	0.0	-0.25189942	-0.83308184	-2.7792327	-3.9178162	0.0	0.0	0.0	0.0	-0.2938367	-0.9016548	0.0	-0.53427917	0.0	0.3078443	0.0	-1.4936407	1.6041838	-2.40833	0.6010981	0.700035
rs6811243	0.0	0.0	0.0	0.0	0.0	0.0	0.0	0.0	0.0	0.0	0.0	0.0	0.0	0.0	0.0	0.0	0.0	0.0	0.0	0.0	0.0	0.0	-2.527715	-0.016846968	0.0	0.0	0.0	0.0	0.0	0.0	0.0	0.0	0.0	1.0124278	0.0	0.0	0.0	0.0	0.0	0.0	-1.1478575	0.0	0.0	0.0	0.0	0.0	-3.2369916	0.0	0.0	0.0	0.0	0.0	-0.70946896	-0.80651253	0.0	0.0	0.0	0.0	0.0	0.0	0.0	0.0	0.0	0.0	0.0	0.0	0.0
rs215411	-0.71645814	0.0	0.0	0.0	0.0	0.0	0.0	0.0	0.0	0.0	0.0	0.0	0.0	-0.06946515	0.0	0.0	0.0	0.0	0.0	0.0	0.0	0.0	0.0	0.0	0.0	0.0	0.0	0.0	0.0	0.0	0.0	0.0	0.0	0.0	0.0	0.0	0.0	0.0	0.0	0.0	0.0	0.0	0.0	0.0	0.27039793	0.0	0.0	0.0	0.0	0.0	0.0	0.0	0.0	0.0	0.0	0.0	0.0	0.0	0.0	0.0	0.0	0.0	0.0	0.0	0.0	0.0	0.0
rs17002918	0.0	0.0	0.0	0.0	0.0	0.0	0.0	0.0	0.0	0.0	0.0	0.0	0.0	0.0	0.0	0.0	0.0	0.0	0.0	0.0	0.0	0.0	0.0	0.0	0.0	0.0	0.0	0.0	0.0	0.0	0.0	0.0	0.0	0.0	0.0	0.0	0.0	0.0	0.0	0.0	0.0	0.0	0.0	0.0	0.0	0.0	0.0	0.0	0.0	0.0	0.0	0.0	0.0	0.0	0.0	0.0	0.0	0.0	0.0	0.0	0.0	0.0	0.0	0.0	0.0	0.0	0.0
rs13107325	0.0	0.0	0.0	0.0	0.0	0.0	0.0	0.0	0.0	0.0	0.0	-0.8079585	0.0	0.0	0.0	0.0	0.0	0.0	0.0	0.0	0.0	0.0	0.0	0.0	0.0	0.0	0.0	0.0	0.0	0.0	0.0	0.0	0.0	0.0	0.0	0.0	0.0	0.0	0.0	0.0	0.0	0.0	0.0	0.0	0.0	0.0	0.0	0.0	0.0	0.0	0.0	0.0	0.0	-0.49440885	0.0	0.0	0.0	-1.0228467	0.0	0.0	0.0	0.0	0.0	0.0	0.0	0.0	0.0
rs13121251	0.0	0.0	0.0	0.0	0.0	0.0	0.0	0.0	0.0	0.0	0.0	0.0	0.0	-0.18575183	0.0	0.0	0.0	0.0	0.0	0.0	0.0	0.0	0.3245702	0.0	0.0	0.0	0.0	0.0	0.0	0.0	0.0	0.0	0.0	0.0	0.0	0.0	0.0	0.0	0.0	0.0	0.0	0.0	0.0	0.0	0.0	0.0	-0.8050621	0.0	0.0	0.0	0.0	0.0	0.0	0.0	0.0	0.0	0.0	0.0	0.0	0.0	0.0	0.0	0.0	0.0	0.0	0.0	0.0
rs10520163	0.0	0.0	0.0	0.0	0.0	0.0	0.0	0.0	0.0	0.0	0.0	-0.066358924	0.0	0.0	0.0	0.0	0.0	0.0	0.0	0.0	0.0	0.0	0.0	0.0	0.0	0.0	0.0	0.0	0.0	0.0	0.0	0.0	0.0	0.0	0.0	0.0	0.0	0.0	0.0	0.0	0.0	0.0	0.0	0.0	0.9827066	0.0	0.0	0.0	0.0	-0.51469654	0.0	0.0	0.0	0.0	0.0	0.0	0.0	0.0	0.0	0.0	0.0	0.0	0.0	0.0	0.0	0.0	0.0
rs62334820	0.0	0.0	0.0	0.0	0.0	0.0	0.0	0.0	0.0	0.0	0.0	0.059310947	0.0	0.0	0.0	1.0351082	0.0	0.0	0.0	0.0	0.0	0.0	0.0	0.0	0.0	0.0	0.0	0.0	0.0	0.0	0.0	0.0	0.0	0.0	0.0	0.0	0.0	-0.30204305	0.0	0.0	0.0	0.0	0.0	0.0	0.0	0.0	0.0	0.0	0.0	0.0	0.0	0.0	0.0	0.0	0.0	0.0	0.0	0.0	0.0	0.0	0.0	0.0	0.0	0.0	0.0	0.0	0.0
rs16902086	0.0	0.0	0.0	-0.1992231	-0.21380669	0.0	0.0	0.0	0.0	0.0	0.0	-0.17538106	0.0	0.0	0.0	0.0	-3.1638715	0.0	-0.26575315	0.0	0.0	0.0	0.0	0.0	0.0	0.0	0.0	0.0	0.0	0.0	-0.13930854	0.0	-1.0045215	0.0	0.0	0.0	0.0	0.0	0.11097314	0.0	0.0	0.0	0.0	0.0	0.0	0.0	0.0	-0.15777025	0.0	0.0	0.0	0.0	1.0484967	0.0	0.0	0.0	0.0	0.0	0.0	-0.29550835	0.0	0.08386404	0.0	0.0	0.0	0.0	0.0
rs9686162	0.0	0.0	0.0	-0.594013	0.0	0.0	0.0	0.0	0.0	0.0	0.0	0.0	0.0	0.0	0.0	0.0	0.0	0.0	0.0	0.0	0.0	0.0	0.0	1.1496558	0.0	0.0	-0.48006108	0.0	0.0	0.0	0.0	0.0	0.0	0.0	0.0	0.0	0.0	0.0	0.0	0.0	0.0	0.0	0.7873005	0.0	0.0	0.0	0.0	0.0	0.0	0.0	0.0	0.0	0.0	0.0	0.0	0.0	0.0	0.0	0.0	0.0	0.0	0.83267504	0.0	0.0	0.0	0.0	0.0
rs7701440	0.0	0.0	0.0	0.0	0.0	0.9035596	0.0	1.4242078	0.0	0.0	0.0	0.0	0.0	0.0	0.0	-1.0780823	-1.0394487	0.0	0.0	0.093175635	0.30693483	0.109767154	0.0	0.0	0.0	0.0	-0.10132277	0.16397777	0.0	0.20683554	-0.9038576	0.29215747	0.36202624	0.0	-0.11162947	0.0	0.0	0.0	0.34086248	0.5340329	0.0	0.0	0.0	0.0	0.0	0.0	0.0	0.0	0.37325114	0.0	0.0	0.0	0.0	0.0	0.0	0.0	1.1029371	0.0	0.0	0.0	0.0	0.0	0.1099417	0.72470134	0.8206995	0.0	-1.0560141
rs254782	0.0	0.0	0.0	0.0	0.0	0.0	0.0	0.0	-0.6613274	0.0	0.0	0.0	0.0	0.0	0.0	0.0	0.0	0.0	0.0	0.0	0.0	0.0	0.0	0.0	0.0	0.0	0.0	0.0	0.0	0.0	0.0	0.0	0.0	0.0	0.0	0.0	0.0	0.0	0.0	0.0	0.0	0.0	0.0	0.0	0.0	0.0	0.0	0.0	0.0	0.0	0.0	0.0	0.0	0.0	0.0	0.0	0.0	-0.031385884	0.0	0.0	0.0	0.24164113	0.0	0.0	0.0	0.0	0.0
rs16867576	0.0	0.0	0.0	0.0	0.0	0.0	0.0	0.0	0.8248871	0.0	0.0	-0.3696415	0.0	0.0	0.0	0.0	0.0	0.0	0.0	0.0	0.0	0.0	0.0	0.0	0.0	0.0	0.0	0.0	0.0	0.0	0.0	0.0	0.0	0.0	0.0	0.0	0.0	0.0	0.0	0.0	0.0	0.0	0.0	0.0	0.0	0.0	0.0	0.0	0.0	0.0	0.0	0.0	0.0	0.0	0.0	0.0	0.0	0.0	0.0	0.0	0.0	0.0	0.0	0.0	0.0	0.0	0.0
rs13169274	0.0	0.0	0.0	0.0	0.0	0.0	0.0	0.0	0.0	0.0	0.0	0.0	0.0	0.0	0.0	0.0	0.0	0.0	0.0	0.0	0.0	0.0	0.0	0.0	0.0	0.0	0.0	0.0	0.0	0.0	0.0	0.0	0.0	0.0	0.0	0.0	0.0	0.0	0.0	0.0	0.0	0.0	0.0	0.0	0.0	0.0	0.0	0.0	0.0	0.0	0.0	-0.4146642	0.6410145	0.0	-0.44870833	0.0	0.0	0.0	0.0	0.0	0.0	0.0	0.0	0.0	0.0	0.0	0.0
rs111294930	0.0	0.0	0.43128765	0.0	0.0	-1.6833862	-0.21748358	0.0	0.0	0.0	-1.5118555	0.0	1.1424011	0.0	-1.1252162	0.0	-0.4559239	0.0	0.0	0.014225086	0.0	-0.046315428	0.0	0.0	0.0	0.0	0.0	0.0	0.0	-0.050558534	0.0	0.0	0.0	0.0	0.0	-0.55399483	0.0	0.0	0.0	0.0	0.0	0.0	0.0	0.0	0.0	-0.7258379	0.0	0.0	-0.73708105	0.0	-0.07609849	0.0	0.0	0.0	0.9551206	-0.19149305	0.0	0.0	-0.72473305	-1.0923944	0.0	0.0	0.5918603	0.0	0.6348161	1.712138	1.1937326
rs3130820	-1.3752011	0.0	0.0	0.0	0.0	0.0	0.0	0.0	0.0	0.0	0.0	0.0	0.0	0.8529704	0.0	0.0	0.0	0.0	0.0	0.0	0.0	0.0	0.0	0.0	0.0	0.0	0.0	0.0	0.0	0.0	0.0	0.0	0.0	0.0	0.0	0.0	0.0	0.0	0.0	0.0	0.0	0.73928475	7.507965	0.0	-0.7213394	0.0	0.0	0.0	0.0	0.0	0.0	1.4822196	-0.46232086	0.0	0.0	0.0	0.0	0.0	0.0	0.0	0.0	0.0	0.0	0.0	0.0	0.0	0.0
rs1339227	-0.7763664	0.0	0.0	0.0	0.0	0.0	0.0	0.0	0.0	0.0	0.0	0.0	0.0	1.3846205	1.133896	0.3478058	0.0	0.0	0.0	0.0	0.0	0.0	0.0	0.0	0.0	0.0	0.0	0.0	0.0	0.0	0.0	0.0	0.0	0.0	-0.014062386	0.0	0.0	0.0	0.0	0.0	0.0	0.78228414	0.0	0.0	0.0	0.0	0.0	0.0	0.0	0.0	0.0	0.0	2.5334094	0.0	0.0	-0.16255355	0.0	0.0	0.0	0.0	0.0	0.0	0.0	0.0	0.0	0.0	0.0
rs4470825	0.0	0.0	0.0	0.0	0.24344808	0.0	0.0	0.0	0.0	0.0	0.0	0.0	0.0	0.0	0.0	0.0	0.0	0.0	0.0	0.0	0.0	0.0	0.0	0.0	0.0	0.0	0.0	0.0	0.0	0.0	0.0	0.0	0.0	-0.32304195	0.0	0.0	0.67482615	0.0	0.0	0.0	0.0	0.0	0.0	0.0	0.0	0.0	0.0	0.0	0.0	0.0	0.0	0.0	0.0	0.0	0.0	0.0	0.0	0.0	0.0	0.0	0.0	0.0	0.0	0.0	0.0	0.0	0.0
rs217287	0.0	0.0	0.0	0.0	0.54695565	0.0	0.0	0.0	0.0	0.0	0.0	0.0	0.0	0.0	0.0	0.0	0.0	0.0	0.0	0.0	0.0	0.0	0.0	0.0	0.9731877	0.0	0.0	0.0	0.0	0.0	0.0	0.0	0.0	0.0	0.10527029	-0.53544337	0.0	0.0	0.0	0.0	0.0	0.0	0.0	0.0	0.0	0.0	0.0	0.0	0.0	0.0	0.0	0.0	0.0	0.0	0.0	0.0	0.0	0.0	0.0	0.0	0.0	0.0	0.0	0.0	0.0	0.0	0.0
rs634940	0.0	0.0	0.0	0.0	0.0	0.0	0.0	-0.29694477	0.0	0.0	0.0	1.0819458	0.0	0.0	0.0	1.7102726	1.8272802	0.0	0.73472494	0.0	0.0	0.6423651	0.0	0.0	0.0	0.0	-0.04633922	1.254144	0.0	0.0	0.0	0.0	0.0	0.0	0.60727125	0.0	0.123495236	0.15754475	1.3974526	0.57146686	0.0	0.0	0.0	0.0	0.0	0.0	0.0	0.0	1.0501022	0.0	0.0	0.0	0.0	0.0	0.0	0.0	-0.05189529	0.0	0.0	0.0	0.0	0.0	0.0	0.0	0.0	0.0	0.8570305
rs12207258	0.0	-1.4278649	-0.10178427	0.0	1.7550225	-0.17147158	-0.7084156	-0.40150675	0.0	0.0	-1.918797	0.0	-1.1825094	0.0	-1.1605393	0.0	-1.0778369	1.0553609	-4.9182343	-2.002687	1.4042034	-0.072478294	0.0	0.0	0.0	1.6977465	-1.2744037	-0.69331104	-1.4857605	0.2359445	0.0	0.81612515	-4.3291874	-2.1381004	0.0	-0.61936474	0.0	0.0	0.50121844	-1.323128	0.0	0.0	-0.91029257	-2.3629668	0.0	-1.0949404	0.0	0.6137861	-0.971988	0.0	-2.1780066	0.0	0.0	0.0	0.0	-0.39837298	-0.7179582	0.0	0.8223874	-2.2550132	-1.4602865	0.0	-0.18491337	-1.7246425	-0.65343904	-2.2193127	-0.12005942
rs1341117	-2.0044427	0.0	0.0	0.0	0.0	0.0	0.0	0.0	0.0	0.5900951	0.0	0.0	0.0	0.028040294	0.0	0.0	0.0	0.0	0.0	0.0	0.0	0.0	0.0	0.0	0.0	0.0	0.0	0.0	0.0	0.0	-2.4822502	0.0	0.0	0.0	0.0	0.0	0.0	0.0	0.0	0.0	0.0	0.0	0.0	0.0	0.8497309	0.0	0.0	0.0	0.0	0.42088035	0.0	0.0	0.0	0.0	0.0	0.0	0.0	0.0	0.0	0.0	0.0	0.0	0.0	0.0	0.0	0.0	0.0
rs760608	0.33196235	0.7182271	0.0	0.0	0.0	0.0	0.0	0.0	0.0	0.0	0.0	0.0	0.0	0.0	0.0	0.0	0.0	0.0	0.0	0.0	0.0	0.0	0.0	0.0	0.0	0.0	0.0	0.0	0.0	0.0	0.0	0.0	0.0	0.35694915	0.0	0.0	0.0	0.0	0.0	0.0	-0.8980317	0.0	0.0	0.0	0.0	0.0	0.0	0.0	0.0	0.0	0.0	0.63596416	-0.25446054	0.0	0.0	0.0	0.0	0.19878408	0.0	0.0	0.0	-0.18016604	0.0	0.0	0.0	0.0	0.0
rs9495473	0.0	0.0	0.0	0.0	0.0	0.0	0.0	0.0	0.0	-1.9511031	0.0	0.0	0.0	0.0	0.0	-0.6840215	0.0	0.0	0.0	0.0	0.0	0.0	0.0	0.0	0.0	0.0	0.0	0.0	0.0	0.0	0.0	0.0	0.0	0.0	0.0	0.0	0.0	0.0	0.0	0.0	0.0	0.0	0.0	0.0	0.0	0.0	0.0	0.0	0.0	-0.039610595	0.0	0.0	0.0	0.0	-1.6819075	0.0	0.0	0.35441795	0.0	0.0	0.0	0.0	0.0	0.0	0.0	0.0	0.0
rs9655340	0.0	-0.7282021	-0.8370521	-1.6134095	0.0	-0.5895359	-0.73048866	-0.025618957	0.0	0.0	-0.17193118	0.0	-0.86867607	0.0	-1.715912	0.0	-0.9350252	0.99657154	0.0	0.0	0.0	-0.15801062	0.0	0.0	0.0	0.46178326	0.0	0.0	-0.7453914	-0.73314875	0.0	0.18126583	-1.1258435	0.0	0.0	-0.6909599	0.0	0.0	0.0	0.0	-0.90986603	0.0	-0.40686855	-1.8369075	0.0	-0.46779907	0.0	-0.10822613	-0.28347337	0.0	-0.897835	0.0	0.0	0.0	0.0	-0.17693014	0.0	0.0	0.0	-0.5697283	-0.62609744	-0.1302813	0.0	0.65525734	0.0	-1.5103619	-2.0395346
rs12704290	0.0	0.0	0.0	0.0	0.0	0.0	0.0	0.0	0.0	0.0	0.0	0.0	0.0	0.0	0.0	0.0	0.0	0.0	0.0	0.0	0.0	0.0	0.0	0.0	0.0	0.0	0.0	0.0	0.0	0.0	0.0	0.0	0.0	0.0	0.0	0.0	0.0	0.0	0.0	0.0	0.0	0.0	0.0	0.0	0.0	0.0	0.0	0.0	0.0	0.0	0.0	0.0	0.0	0.0	0.0	0.0	0.0	0.0	0.0	0.0	0.0	0.0	0.0	0.0	0.0	0.0	0.0
rs7789569	0.0	0.0	0.0	0.0	0.0	0.0	0.0	0.0	0.0	0.0	0.0	0.0	0.0	0.0	0.0	0.0	0.0	0.0	0.0	0.0	0.0	0.0	0.0	0.0	0.0	0.0	0.0	0.0	0.0	0.0	0.0	0.0	0.0	0.0	0.0	0.0	0.0	0.0	0.0	0.0	0.0	0.0	0.0	0.0	0.0	0.0	0.0	0.0	0.0	0.0	0.0	0.0	0.0	0.0	0.0	0.0	0.0	0.0	0.0	0.0	0.0	0.0	0.0	0.0	0.0	0.0	0.0
rs211829	0.0	0.0	0.0	0.0	0.0	0.0	0.0	0.0	0.0	0.0	0.0	0.0	0.0	0.0	0.0	0.0	0.0	0.0	0.0	0.0	0.0	0.0	0.0	0.0	0.0	0.0	0.0	0.0	0.0	0.0	0.0	0.0	0.0	0.0	0.0	0.0	0.0	0.0	0.0	0.0	0.0	0.0	0.0	0.0	0.0	0.0	0.0	0.0	0.0	0.0	0.0	0.0	2.9978175	0.0	0.0	0.0	0.0	0.0	0.0	0.0	0.0	0.0	0.0	0.0	0.0	0.0	0.0
rs12705761	0.0	0.0	0.0	0.0	0.0	0.0	0.0	0.0	0.0	0.0	0.0	0.0	0.0	0.0	0.0	0.0	0.0	0.0	0.0	0.0	0.0	0.0	0.0	0.0	0.0	0.0	0.0	0.0	0.0	0.0	0.7867347	0.0	0.0	0.0	0.0	0.0	0.0	0.0	0.0	0.0	0.0	0.0	0.0	0.0	0.0	0.0	0.0	0.0	0.0	0.0	0.0	0.0	0.0	0.0	0.0	0.0	0.0	0.0	0.0	0.0	0.0	0.0	0.0	0.0	0.0	0.0	0.0
rs7801375	0.0	0.0	0.0	0.0	0.0	0.0	0.0	0.0	0.0	0.0	0.0	0.0	0.0	0.0	0.0	0.0	0.0	0.0	0.0	0.0	0.0	0.0	0.0	0.0	0.0	0.0	0.0	0.0	0.0	0.0	0.0	0.0	0.0	0.0	0.0	0.0	0.0	0.0	0.0	0.0	0.0	0.0	0.0	0.0	0.0	0.0	0.0	0.0	0.0	0.0	0.0	0.0	0.0	0.0	0.0	0.0	0.0	0.0	0.0	0.0	0.0	-1.5772295	0.0	0.0	0.0	0.0	0.0
rs3735025	0.7837057	0.0	0.0	0.0	0.0	0.0	0.0	0.0	0.0	0.0	0.0	0.0	0.0	0.0	0.0	0.0	0.0	0.0	0.0	0.0	0.0	0.0	0.49528152	0.0	0.0	0.0	0.0	0.17454137	0.0	0.0	0.0	0.0	0.0	0.0	0.0	0.0	0.0	0.0	0.0	-0.65625805	0.0	0.0	0.0	0.0	0.0	0.0	0.0	0.0	0.0	0.0	0.0	0.0	0.0	0.0	0.0	0.0	-1.2261032	0.0	0.0	0.0	0.0	0.0	0.0	0.0	0.0	0.0	-2.423655
rs10503253	0.0	0.0	0.0	0.0	0.032144193	0.0	0.0	0.0	0.0	0.0	0.0	0.0	0.0	0.0	0.0	0.0	0.0	0.0	0.0	0.0	0.0	0.0	0.0	0.0	0.054376137	0.0	0.0	0.0	0.0	0.0	0.0	0.0	0.0	0.0	0.0	0.0	0.0	0.0	0.0	0.0	0.0	0.0	0.0	0.0	0.0	0.0	0.0	0.0	0.0	0.0	0.0	0.0	0.0	0.0	0.0	0.0	0.0	0.0	0.0	0.0	0.0	0.0	0.0	0.0	0.0	0.0	0.0
rs11993663	0.0	0.0	0.0	0.0	0.0	0.0	0.0	0.0	0.0	0.0	0.0	0.0	0.0	0.0	0.0	0.0	0.0	0.0	0.0	0.0	0.0	0.0	0.0	0.0	0.0	0.0	0.0	0.0	0.0	0.0	0.0	0.0	0.0	0.0	0.0	0.0	-0.43350893	0.0	0.0	0.0	0.0	0.0	0.0	0.0	0.0	0.0	0.0	0.0	0.0	0.0	0.0	0.0	0.0	0.0	0.0	0.0	0.0	0.0	0.0	0.0	0.0	0.0	0.0	0.0	0.0	0.0	0.0
rs2410572	0.0	0.0	0.0	0.0	0.0	0.0	0.0	0.0	0.0	0.0	0.0	0.0	0.0	0.0	0.0	0.0	0.0	0.0	0.0	0.0	0.0	0.0	0.0	0.0	0.0	0.0	0.0	0.0	0.0	0.0	0.0	0.0	0.0	0.0	0.0	0.0	0.0	0.0	0.0	0.0	0.0	0.0	0.0	0.0	0.0	0.0	0.0	0.0	0.0	0.0	0.0	0.0	0.0	0.0	0.0	0.0	0.0	0.0	0.0	0.0	0.0	0.0	0.0	0.0	0.0	0.0	0.0
rs1042992	0.0	0.0	0.0	0.0	0.0	0.0	0.0	0.0	0.0	0.0	0.0	0.0	0.0	0.0	0.0	0.0	0.0	0.0	0.0	0.0	0.0	0.0	0.0	0.0	0.0	0.0	0.0	0.0	0.0	0.0	0.0	0.0	0.0	0.0	0.0	0.0	0.0	0.0	0.0	0.0	0.0	0.0	0.0	0.0	0.0	0.0	-2.067192	0.0	0.0	0.0	0.0	0.0	0.0	0.0	-1.9463919	0.0	0.0	0.0	0.0	0.0	0.0	0.0	0.0	0.0	0.0	0.0	0.0
rs11783093	0.0	0.0	0.0	0.0	0.0	0.0	0.0	0.0	0.0	0.0	0.0	0.0	0.0	0.0	0.0	0.0	0.0	0.0	0.0	0.0	0.0	0.50123197	-0.4928917	-1.6612325	0.0	0.0	0.0	0.0	0.0	0.0	0.0	0.0	0.0	0.0	0.0	0.0	0.0	0.0	0.0	0.0	0.0	0.0	0.0	0.0	0.0	0.0	0.92399025	0.0	0.0	0.0	0.0	0.0	0.0	0.0	0.0	0.0	0.0	0.0	0.0	0.0	0.0	0.0	0.0	0.0	0.0	0.0	0.0
rs55669358	0.0	0.0	0.0	0.0	0.0	0.0	-0.21682042	-2.3792908	0.0	0.0	0.5410615	0.0	-1.2061886	0.0	1.0188583	0.0	0.0	0.0	0.0	0.0	0.0	-1.0502269	-2.8338673	0.0	0.0	0.0	0.0	0.0	0.0	0.0	0.0	0.0	0.0	0.0	0.0	-0.50340116	0.0	0.0	0.0	0.0	0.0	0.0	-0.51212865	0.0	0.0	0.0	0.0	0.0	0.50453025	0.0	-1.9151717	0.0	0.0	0.0	0.0	0.0	0.0	0.0	-0.36204347	0.0	0.0	0.0	0.9331845	0.0	-0.15538974	-0.7521007	0.0
rs10156310	0.0	0.0	0.0	0.0	0.0	0.0	0.0	0.0	0.0	-0.12993579	0.0	0.0	0.0	0.0	0.0	0.0	0.0	0.0	0.0	0.0	0.0	0.0	0.0	0.0	0.0	0.0	0.0	0.0	0.0	0.0	0.07903753	0.0	0.0	0.0	0.0	0.0	0.0	0.0	0.0	0.0	0.0	0.0	0.0	0.0	0.0	0.0	0.0	0.0	0.0	-0.8355497	0.0	0.0	0.0	0.0	0.3823239	0.0	0.0	0.71005917	0.0	0.0	0.0	0.0	0.0	0.0	0.0	0.0	0.0
rs1473594	0.0	0.0	0.0	0.0	0.0	0.0	0.0	0.0	0.0	0.0	0.0	0.0	0.0	0.0	0.0	0.0	0.0	0.0	0.0	0.0	0.0	0.0	0.0	0.0	0.0	0.0	0.0	0.0	0.0	0.0	0.0	0.0	0.0	0.0	0.0	0.0	0.0	0.0	0.0	0.0	0.0	0.0	0.0	0.0	0.0	0.0	-0.069288135	0.0	0.0	0.0	0.0	0.0	0.0	0.0	0.0	0.0	0.0	0.5500646	0.0	0.0	0.0	0.0	0.0	0.0	0.0	0.0	0.0
rs344252	0.0	0.0	-1.1844871	-0.32205924	0.0	0.0	0.0	0.0	0.0	0.0	-1.6298913	0.0	0.0	0.0	-0.74733114	0.0	0.0	0.0	0.0	0.0	0.0	0.0	-2.1759536	-0.07132072	0.0	0.0	0.0	0.0	0.0	0.0	0.0	1.0986173	0.0	-0.5445389	0.0	0.0	0.0	0.0	0.0	0.0	-0.8336303	0.0	0.0	0.0	0.0	0.0	0.50635314	0.2636209	0.0	0.0	0.0	0.0	0.0	-0.06842971	0.0	-0.8236316	0.0	0.0	0.0	-0.5316409	0.0	0.0	0.0	0.0	0.0	0.0	0.0
rs7010876	0.0	0.0	0.0	0.0	0.0	0.0	0.0	0.0	0.0	0.0	0.0	0.0	0.0	0.0	0.0	0.0	0.0	0.0	0.0	0.0	0.0	0.0	0.0	0.9941065	0.0	0.0	0.0	0.0	0.0	0.0	0.0	0.0	0.0	0.0	0.0	0.0	0.0	0.31470913	0.0	0.0	0.0	0.0	0.0	0.0	0.0	0.0	0.0	0.0	0.0	0.0	0.0	0.0	0.0	0.0	0.0	0.0	0.0	0.0	0.0	0.0	0.0	0.0	0.0	0.0	0.0	0.0	0.0
rs36043959	0.0	0.0	0.0	0.0	0.0	0.0	0.0	0.0	0.0	0.0	0.0	0.0	0.0	0.0	0.0	0.0	0.0	0.0	0.0	0.0	0.0	0.0	0.0	0.0	-0.41492617	0.0	-0.11626814	0.0	0.0	0.0	0.0	0.0	0.0	0.0	0.0	0.0	0.0	0.0	0.0	0.0	0.0	-1.054139	-0.5548268	0.0	0.0	0.0	0.0	0.0	0.0	0.0	0.0	0.0	0.0	0.0	0.0	0.0	0.0	0.0	0.0	0.0	0.0	0.0	0.0	0.0	0.0	0.0	0.0
rs7827607	0.0	0.0	0.0	-0.7000303	-0.89370596	0.0	0.0	0.0	0.0	0.3177397	0.0	0.0	0.0	0.0	0.0	0.0	0.0	0.0	0.0	0.0	0.0	0.0	0.0	0.0	0.0	0.0	0.0	0.0	0.0	0.0	0.0	0.0	0.0	0.0	0.0	0.0	0.0	-0.0008956846	0.0	0.0	0.0	0.0	0.0	0.0	0.0	0.0	0.0	0.0	0.0	-1.4836948	0.0	0.0	0.0	0.0	0.0	0.0	0.0	0.6791121	0.0	0.0	0.0	0.0	0.0	0.0	0.0	0.0	0.0
rs4129585	-0.4037505	-0.702723	-0.15218642	0.0	0.0	0.0	-0.5871301	0.0	0.19844064	0.0	-1.4210291	0.17057864	0.0	0.0	0.0	0.0	0.0	0.0	0.0	0.0	0.0	0.0	0.48171082	0.4662457	0.1729344	0.0	0.0	0.0	0.0	-0.28390914	0.0	0.0	-1.0815041	-0.7369378	0.0	-0.16878317	0.0	0.0	0.0	0.0	0.13830513	0.0	-0.11864835	-0.6883648	0.0	0.0	0.0	0.2831703	0.0	0.0	-0.9501466	-1.1382903	1.6260366	0.68945533	0.0	0.21248023	0.0	0.0	0.0	0.0	0.0	0.83939046	0.0	-0.9240527	-0.46029717	0.0	0.0
rs1319017	0.0	-0.45835632	0.0	0.0	-1.6654127	0.0	0.0	0.0	0.0	0.0	0.0	0.0	0.0	0.0	0.0	0.0	0.0	0.0	0.0	0.0	0.0	0.0	0.0	0.0	0.0	0.0	0.0	0.0	0.0	0.0	0.0	0.0	0.0	0.0	0.6817367	0.0	0.0	0.0	0.0	0.0	0.0	0.0	0.0	0.0	0.0	0.0	0.0	0.0	0.0	0.0	0.0	0.0	0.0	0.0	0.0	0.0	0.0	0.0	0.0	0.0	0.0	0.0	0.0	0.0	0.0	0.0	0.0
rs10985817	0.0	0.0	-1.0087079	0.0	0.0	0.0	0.0	0.0	0.0	0.0	0.0	0.0	0.0	0.0	0.0	0.5099657	0.0	0.0	0.0	0.0	0.0	0.0	0.0	0.0	0.0	0.0	0.0	0.0	0.0	0.66219324	0.0	0.0	0.0	0.0	-0.4752449	0.0	0.0	0.0	0.0	0.0	0.0	0.0	0.0	1.3688017	0.0	0.0	0.0	0.0	0.0	0.0	0.0	0.0	0.0	0.0	0.0	0.98435956	0.0	0.0	0.0	0.48750958	0.0	0.0	0.0	2.2307549	0.0	0.0	0.0
rs12344647	0.0	0.22249666	0.0	0.0	0.0	1.5130639	0.0	-0.9099774	0.0	0.0	1.5864304	0.0	0.5549332	0.0	0.0	0.0	-0.3941661	0.0	0.7956587	0.0	1.4862065	0.49233624	-0.6346571	0.0	0.0	0.0	-0.18094249	0.0	0.0	0.0	0.0	0.0	1.8021479	0.0	0.0	1.0265536	0.0	0.0	0.37587222	-0.36445984	0.0	0.0	0.09205105	0.0	0.0	0.0	0.0	0.0	0.53942376	0.0	0.0	0.0	0.0	0.0	0.0	0.0	-0.09237702	0.0	0.0	0.0	0.0	0.0	0.37139356	0.0	0.12863867	0.0	1.6622692
rs10217343	0.0	-0.08743383	0.0	0.0	0.0	6.799951	0.0	0.52059305	0.0	0.0	0.49504942	0.0	-0.18301615	0.0	0.0	0.0	3.6185274	0.0	1.0821378	0.0	0.76552236	-0.12585938	0.107611254	0.0	0.0	0.0	-0.46297503	0.0	0.0	0.0	0.0	0.0	-0.49358293	0.0	0.0	-0.79748815	0.0	0.0	0.6128449	2.7309856	0.0	0.0	0.8637369	0.0	0.0	0.0	0.0	0.0	0.13398045	0.0	0.0	0.0	0.0	0.0	0.0	0.0	0.8068383	0.0	0.0	0.0	0.0	0.0	0.97818947	0.0	0.04716139	0.0	-1.1584334
rs12009217	0.0	0.009030681	0.0	0.0	0.0	0.0	0.0	-1.8451256	0.0	0.0	0.0	-0.6366841	0.64706117	0.0	0.0	0.0	0.2096365	0.0	-0.52743727	-1.2976879	0.0	0.4210227	0.0	0.0	0.580847	-2.6313257	0.0	-1.480447	-0.004955448	0.0	0.0	0.0	1.8897905	-0.7540949	-0.6720564	0.0	0.026528543	0.0	0.04577979	0.506381	0.0	0.0	0.0	0.0	0.0	0.0	0.0	0.0	-0.7126942	0.0	-1.4539142	0.0	0.0	0.0	0.0	0.0	-0.09084883	0.0	-2.2292874	0.0	0.21313326	0.0	-0.13750787	0.0	-1.6262454	-0.22971725	-1.038031
rs62606711	0.0	0.0	0.0	0.0	-0.6286173	0.27740732	0.0	0.0	3.2660122	0.0	0.96763754	0.0	0.0	0.0	0.0	0.007623562	0.0	0.0	0.0	0.0	0.0	0.0	0.0	0.0	0.0	0.0	-0.5084063	0.7189896	0.42242283	0.0	0.0	-0.22212285	0.0	0.0	0.0	0.0	0.0	0.0	0.0	0.0	0.0	0.0	0.0	0.0	0.0	0.0	0.0	0.0	0.0	0.0	0.0	0.0	0.0	0.0	0.0	0.0	0.0	0.0	0.0	0.0	0.0	0.0	0.0	0.0	0.0	0.0	0.0
